10449249
10449391
10449450
10449578
10449660
10449949
10450059
10450141
10450415
10450627
10451256
10584164
10584240
10584374
10584481
10584654
10584862
10584920
10584971
10585086
10585110
10585199
10585492
10585525
10585604
10585710
10585718
10585760
10586114
10586186
10586252
1060
10719412
10719618
10719636
10719702
10719820
10719932
10719951
10720046
10720292
10720316
10720638
10720872
10721125
10721229
1075476
10853538
10853665
10853771
10853868
10853892
10853954
10853998
10854385
10854512
10854601
10854710
11387353
11387424
11387494
11387588
11387665
11387729
11387805
11387858
11387908
11387967
11388045
11388132
11388173
11388219
11388294
11388327
11388387
11388449
11388464
11388533
11388568
11388648
11388729
11388773
11388788
11388835
11388849
11388928
11388992
11389012
11389055
11389188
11389255
11389279
11389290
11389354
11389451
11389600
11389807
11389832
11390034
11390241
11390373
11521337
11521400
11521527
11521607
11521664
11521699
11521757
11521778
11521823
11521900
11521954
11522011
11522043
11522095
11522150
11522174
11522192
11522286
11522366
11522561
11522599
11522752
11522814
11522839
11522862
11522891
11523036
11523095
11523218
11523326
11655342
11655407
11655480
11655510
11655574
11655652
11655704
11655720
11655763
11655804
11655838
11655867
11655959
11656035
11656065
11656199
11656248
11656270
11656305
11656461
11656590
11656649
11656673
11656725
11656752
11656822
11657010
11657130
11657308
1173
11789010
11789038
11789109
11789153
11789253
11789288
11789353
11789383
11789421
11789468
11789525
11789562
11789663
11789807
11789870
11789954
11790010
11790284
11790307
11790405
11790428
11790438
11790546
11790621
11790758
11790778
11790809
11790825
11922429
11922501
11922594
11922620
11922725
11922813
11922830
11922907
11922936
11922986
11923008
11923117
11923148
11923172
11923280
11923424
11923542
11923617
11923639
11923726
11923740
11923927
11923945
11924017
11924062
11924149
11924171
11924212
11924258
11924277
11924501
11924527
11924654
11924678
11924733
11924875
11925397
12056755
12056864
12056976
12057076
12057096
12057180
12057215
12057326
12057410
12057478
12057521
12057594
12057616
12057744
12057779
12058075
12058100
12058135
12058226
12058261
12058522
12058573
12058591
12058607
12058737
12058846
12059177
1210102
1210374
12190656
12190855
12190930
12190983
12191038
12191357
12191400
12191429
12191466
12191556
12191588
12191609
12191713
12191759
12191798
12191871
12191980
12192022
12192063
12192172
12192194
12192220
12192275
12192295
12192327
12192435
12192487
12192504
12192521
12192589
12192612
12192636
12192653
12192799
12192817
12192883
12192950
12193008
12193029
12193043
12193163
12193188
12193459
122
12325644
12325688
12325706
12325771
12325846
12325882
12326077
12326127
12326221
12326257
12326320
12326435
12326478
12326492
12326544
12326650
12326702
12326753
12326804
12326880
12326935
12326955
12327020
12327057
12327081
12327105
12327148
12327157
12327255
12327411
12327504
12327521
12327672
12327716
12459276
12459398
12459447
12459543
12459610
12459657
12459730
12459756
12459842
12459920
12459974
12460015
12460028
12460078
12460116
12460191
12460316
12460356
12460428
12460475
12460499
12460616
12460815
12460952
12460971
12460997
12461020
12461093
12461134
12461179
12461204
12461438
1251
12594301
12594453
12594497
12594642
12594654
12594688
12594736
12594805
12594808
12594871
12594903
12594938
12594973
12595010
12595086
12595163
12595375
12595450
12595502
12595524
12595873
12595893
12596226
12860740
12860755
12860901
12860946
12861027
12861062
12861082
12861098
12861170
12861260
12861324
12861366
12861404
12861436
12861468
12861503
12861559
12861589
12861702
12861750
12861762
12861805
12861868
12861894
12861937
12861976
12862064
12862097
12862135
12862140
12862292
12862370
12862395
12862485
12862531
12862567
12862720
12862734
12862790
12862894
12863045
12863058
12863132
12863445
12864125
12864166
12994679
12994740
12994844
12994900
12994986
12995054
12995132
12995200
12995238
12995262
12995314
12995356
12995390
12995567
12995593
12995627
12995680
12995718
12995783
12995820
12995851
12995929
12995957
12995985
12996003
12996033
12996078
12996168
12996358
12996511
12996807
12996838
12996873
12996952
12996970
12996997
12997018
12997186
12997284
12997327
12997483
1302
13128015
13128177
13128238
13128314
13128395
13128440
13128471
13128577
13128604
13128721
13128757
13128913
13128959
13129203
13129271
13129319
13129394
13129433
13129473
13129502
13129531
13129566
13129746
13129814
13129820
13129934
13129972
13130031
13130054
13130089
13130278
13130424
13130443
13130478
13130534
13130565
13130620
13130674
13130768
13130785
13130828
13131055
13131072
13131465
13262152
13262177
13262207
13262279
13262375
13262441
13262536
13262596
13262628
13262682
13262752
13262827
13262859
13263008
13263059
13263157
13263200
13263283
13263348
13263371
13263469
13263505
13263650
13263668
13263719
13263761
13263825
13263855
13263888
13263959
13264000
13264029
13264099
13264177
13264256
13264280
13264303
13264334
13264347
13264414
13264710
13264806
13264863
13397183
13397266
13397375
13397408
13397446
13397511
13397613
13397772
13397826
13397898
13398031
13398161
13398256
13398274
13398344
13398389
13398496
13398544
13398670
13398686
13398703
13398733
13398769
13398933
13399083
13399979
1346800
1347317
1347327
1347415
1347754
1347947
1348244
134893
134969
135053
135120
135188
135228
135245
135279
13531625
13531712
13531851
13531922
13531997
13532055
13532113
13532218
13532287
13532337
13532445
13532472
13532571
13532748
13532876
13532901
13533079
13533125
13533138
13533183
135332
13533373
13533494
13533588
13533701
13533725
13533909
13534121
13534463
13534824
13534921
135377
135383
135495
135534
135703
135798
135858
135959
135986
136011
136099
136249
136306
136339
136504
13666182
13666293
13666328
13666544
13666577
13666645
13666677
13666734
13666783
13666937
13666983
13667026
13667057
13667121
13667136
13667210
13667241
13667353
13667384
13667461
13667472
13667669
13667696
13667747
13667830
13667843
13667898
13667962
13668066
13668098
13668126
13668218
13668248
13668385
13668478
13668517
13668648
13668729
13668739
13668861
136707
136809
136879
137245
13801231
13801305
13801325
13801369
13801436
13801487
13801558
13801603
13801621
13801691
13801742
13801776
13801807
13801919
13801952
13802022
13802064
13802106
13802168
13802222
13802258
13802285
13802385
13802436
13802510
13802571
13802671
13802709
13802790
13802915
13802992
13803134
13803161
13803226
13803354
13935759
13935874
13936050
13936278
13936332
14069242
14069339
14069384
14069489
14069518
14069603
14069635
14069699
14069758
14069803
14069853
14069891
14069943
14069991
14070125
14070157
14070194
14070229
14070284
14070395
14070431
14070470
14070501
14070523
14070555
14070594
14070645
14070701
14070727
14070772
14070877
14070988
14071030
14071489
14204375
14204511
14204564
14204642
14204696
14204744
14204766
14204880
14204913
14204949
14205049
14205105
14205219
14205266
14205290
14205469
14205573
14205640
14205673
14205697
14205728
14205751
14205782
14205846
14205894
14205956
14205966
14206124
14206210
14206238
14206331
14206429
14206543
14206586
14206704
14338095
14338157
14338187
14338238
14338274
14338387
14338426
14338564
14338619
14338649
14338667
14338826
14339047
14339286
14339346
14339385
14339414
14473875
14474047
14474146
14474261
14474325
14474575
14474688
14474727
14474791
14476093
14609210
14609326
14609727
14610176
14610220
14610267
14610360
14610468
14610573
14610684
14610745
14743537
14743982
14744665
14744727
14744890
1479561
1479653
1479769
1479883
1479930
1480210
1480346
1480428
1480581
1480977
14879071
14879355
14879425
14879477
14880221
15013045
15013118
15013163
15013183
15013233
15013451
15013578
15013640
15013682
15013748
15013835
15013924
15014150
15014173
15014349
15014368
15015133
15147626
15147764
15147861
15148038
15148104
15148116
15148265
15148312
15148544
15148584
15148980
15149035
15149045
15149357
15149549
15549815
15549878
15550000
15550170
15550204
15550281
15550337
15550380
15550474
15550501
15550578
15550750
15550776
15551264
15551317
15551386
15551662
15683322
15683550
15683639
15683664
15683695
15683962
15684101
15684148
15684191
15684283
15684309
15684459
15684502
15684516
15684575
15684600
15684713
15684814
15684983
15685004
15685042
15685066
15685359
15685464
15685497
15685610
15685652
15818808
15818878
15818943
15819103
15819131
15819807
15820550
15954420
15954601
15954743
15954910
15955007
15955375
16087505
16087761
16087857
16087901
16087940
16088076
16088658
16088985
1614738
1615055
1615356
1615828
16222490
16222795
16222833
16222884
16222981
16222989
16223103
16223147
16223289
16223365
16223408
16223420
16223791
16223933
16224338
16224409
16224435
1708
1915
1928
20073481
20073496
20073510
20073522
20073540
20073572
20073584
20073595
20073627
20073638
20073676
20073718
20073737
20073749
20073785
20073797
20073841
20073859
20073879
20073889
20073896
20073915
20073927
20073975
20073983
20073994
20074010
20074038
20074047
20074067
20074099
20074174
20074195
20074253
20074328
20074338
20074353
20074375
20074476
20074505
20074533
20074539
20074552
20074571
20074607
20074619
20074632
20074642
20074713
20074742
20074822
20074859
20074888
20074904
20074956
20074965
20075130
20075140
20075276
20075346
20075547
20260474
20260496
20260514
20260566
20260573
20260603
20260612
20260642
20260646
20260685
20260713
20260741
20260793
20260810
20260858
20260864
20260878
20260886
20260909
20260955
20260964
20261019
20261035
20261112
20261140
20261220
20261249
20261260
20261279
20261297
20261311
20261333
20261366
20261387
20261405
20261414
20261475
20261484
20261512
20261523
20261595
20261616
20261632
20261643
20261659
20261666
20261673
20261745
20261756
20261786
20261820
20261858
20261915
20261967
20261974
20262051
20262092
20262111
20262141
20262177
20262210
20262308
20262341
20262355
20446082
20446105
20446144
20446198
20446224
20446239
20446254
20446356
20446387
20446402
20446414
20446434
20446451
20446458
20446464
20446476
20446484
20446513
20446535
20446566
20446575
20446623
20446636
20446639
20446644
20446678
20446692
20446787
20446804
20446821
20446879
20446908
20446931
20447002
20447035
20447044
20447110
20447115
20447159
20447256
20447320
20447328
20447884
20447955
20448113
20626577
20626679
20626714
20626756
20626800
20626816
20626821
20626833
20626848
20626858
20626905
20626917
20626942
20626981
20627019
20627050
20627056
20627144
20627167
20627239
20627286
20627331
20627342
20627348
20627411
20627537
20627593
20627616
20627717
20627754
20627973
20801132
20801186
20801260
20801284
20801313
20801350
20801373
20801396
20801422
20801434
20801467
20801568
20801596
20801750
20801837
20801904
20801951
20802196
20965250
20965333
20965480
20965609
21649019
21649053
21649073
21649138
21649282
21649305
21649314
21649371
21649385
21649422
21649441
21649474
21649515
21649548
21649587
21649601
21649669
21649682
21649690
21649731
21649759
21649808
21649828
21649839
21649841
21649900
21650059
21650065
21650110
21650121
21650355
21650372
21650392
21650413
21650443
21650477
21650494
21650557
21650559
21650591
21650596
21651514
21827535
21827707
21827939
21828018
21828054
21828210
21828269
21828307
21828380
22396932
22396948
22396952
22396997
22397020
22397043
22397076
22397091
22397140
22397196
22397243
22397262
22397323
22397350
22397358
22397382
22397475
22397484
22397508
22397539
22397553
22397557
22397568
22397605
22397633
22397682
22397684
22397760
22397792
22397801
22397877
22397953
22397959
22397987
22398002
22398064
22398077
22398089
22398132
22398136
22398161
23109538
23109557
23109573
23109589
23109670
23109703
23109775
23109845
23109960
23110101
23110226
23110266
23110273
23274335
23274347
23274364
23274475
23274642
23274694
23274732
23274830
234
23431256
23431665
23946516
23947040
2506
26661749
26661767
26661780
26661812
26661818
26661880
26661895
26661913
26661935
26661956
26661970
26662039
26662047
26662059
26662156
26662169
26662194
26662220
26662270
26662300
26662312
26662319
26662325
26662387
26662599
26662688
26662718
26662796
26662801
26662890
26662901
26662927
26662965
26662992
26663059
26663271
26843565
26843671
26844105
26844527
26844600
270162
270235
270418
270500
270695
270720
270773
270852
270972
271041
271092
271135
271237
271268
271338
271413
271477
271486
271613
271691
27171100
27171535
271720
271919
271962
272080
272219
272228
2749
28939042
28939062
28939074
28939085
28939094
28939120
28939130
28939169
28939187
28939212
28939232
28939250
28939262
28939308
28939330
28939334
28939369
28939379
28939406
28939411
28939416
28939426
28939454
28939497
28939505
28939524
28939539
28939575
28939588
28939597
28939633
28939685
28939695
28939703
28939725
28939755
28939760
28939771
28939791
28939817
28939827
28939840
28939883
28939885
28939908
28939952
28939959
28939963
28939988
28939993
28940017
28940021
28940028
28940038
28940120
28940127
28940156
28940203
28940216
28940254
28940259
28940284
28940309
28940316
28940357
28940370
28940378
28940402
28940434
28940444
28940510
28940516
28940613
28940662
28940682
28940700
28940703
28940726
28940737
28940786
28940862
28940895
28940937
28940951
28940963
28941159
28941204
28941246
28941336
28941355
28941433
28941544
28941666
28941673
28941691
29289456
29289488
29289541
29289551
29289571
29289583
29289597
29289626
29289643
29289671
29289701
29289716
29289748
29289796
29289832
29289861
29289893
29289909
29289921
29289942
29289948
29289956
29289980
29290018
29290028
29290034
29290079
29290115
29290132
29290146
29290159
29290206
29290238
29290291
29290380
29290384
29290417
29290425
29290471
29290491
29290502
29290512
29290541
29290554
29290568
29290569
29290600
29290609
29290677
29290693
29290699
29290763
29290817
29290840
29290850
29290887
29290909
29290919
29290928
29290930
29290948
29290991
29291008
29291026
29291034
29291059
29291090
29291136
29291144
29291161
29291194
29291235
29291260
29291270
29291281
29291293
29291301
29291307
29291336
29291361
29291378
29291411
29291413
29291422
29291426
29291444
29291449
29291458
29291470
29291484
29291490
29291502
29291507
29291519
29291521
29291543
29291583
29291634
29291644
29291660
29291675
29291729
29291769
29291782
29291802
29291820
29291825
29291843
29291860
29291876
29291925
29291946
29291953
29291960
29292029
29292076
29292123
29292132
29292155
29292186
29292208
29292239
29292295
29292313
29292316
29292333
29292340
29292347
29292370
29292427
29292436
29292454
29292474
29292516
29292534
29292550
29292559
29292597
29292645
29292699
29292721
29292727
29292754
29292816
29292842
29293022
29293133
29293138
29293164
29293200
29293238
29293243
29293259
29293280
29293315
29293324
29293445
29293465
29293630
29293641
29293656
29293740
29293793
29293917
29293974
29494503
29494516
29494560
29494588
29494610
29494674
29494690
29494695
29494711
29494738
29494749
29494815
29494822
29494831
29494838
29494864
29494875
29494884
29494896
29494905
29494913
29494929
29494955
29494973
29494984
29495005
29495058
29495073
29495092
29495098
29495124
29495144
29495170
29495208
29495223
29495240
29495304
29495317
29495319
29495345
29495347
29495387
29495416
29495503
29495522
29495545
29495565
29495595
29495647
29495688
29495732
29495767
29495875
29496018
29496023
29496150
29496235
29496514
29676307
29676951
29677397
31354068
32022126
32422183
32422213
32422251
32422314
32422404
32422427
32422496
32422505
32422701
32422757
32585571
32585628
32585695
32585804
32585858
32585885
32585896
32586729
3349192
3349296
3349356
3349420
3349477
3349575
3349629
3349663
3349703
3349730
3349791
3349850
3349902
3349963
3350016
3350089
3350174
3350306
3350350
3350413
3350754
3350985
3351030
3351118
3351179
3351271
3351525
3351644
3351667
3483672
3483798
3483839
3484125
3484154
3484229
3484259
3484331
3484375
3484431
3484495
3484593
3484657
3484792
3484822
3485020
3485038
3485142
3485434
3485580
3485600
3485752
3486001
3486108
35576860
35576873
35576883
35576905
35576916
35576949
35576969
35576978
35577000
35577022
35577056
35577087
35577113
35577147
35577205
35577218
35577223
35577239
35577293
35577371
35577387
35577395
35577402
35577425
35577440
35577453
35577509
35577558
35577583
35577619
35577636
35577688
35577740
35577758
35577766
35577773
35577834
35577867
35577928
35577958
35577963
35578009
35578032
35578041
35578155
35578177
35578271
35578380
35578430
35578489
35578504
35578572
35578647
35578675
35578681
35578774
35579295
35760736
35760773
35760800
35760866
35760903
35760922
35760937
35760944
35760965
35760976
35761030
35761065
35761092
35761121
35761194
35761278
35761283
35761310
35761398
35761408
35761417
35761515
35761521
35761616
35761632
35761675
35761692
35761734
35761745
35761755
35761816
35761891
35761917
35761952
35762030
35762034
35762099
35762147
35762152
35762160
35762221
35762297
35762472
35762712
35762719
35942096
35942126
35942153
35942172
35942195
35942246
35942257
35942265
35942335
35942342
35942369
35942383
35942395
35942411
35942436
35942447
35942454
35942470
35942523
35942557
35942572
35942624
35942627
35942663
35942670
35942691
35942705
35942713
35942735
35942771
35942822
35942865
35942929
35943060
35943101
35943111
35943177
35943207
35943246
35943257
35943363
35943394
35943397
35943602
35943621
35943733
35944371
36118570
36118615
36118752
36118789
36118862
36118911
36118957
36118971
36119108
36119134
36119169
36119181
36119200
36119211
36119283
36119404
36119653
3618789
3619331
3619664
3619742
3620244
36289672
36289820
36290013
36290048
36290096
36290116
36290197
36290274
36290375
36290863
36606356
36606373
36606414
36606419
36606427
36606441
36606503
36606526
36606536
36606546
36606596
36606608
36606612
36606721
36606757
36606813
36606830
36606852
36606887
36606902
36606916
36606929
36606968
36606994
36607003
36607015
36607026
36607039
36607067
36607076
36607083
36607114
36607139
36607148
36607192
36607261
36607279
36607350
36607361
36607387
36607394
36607405
36607424
36607476
36607532
36607552
36607578
36607693
36607725
36607759
36607774
36607836
36607841
36607961
36608067
36608129
36787758
36787777
36787786
36787795
36787810
36787839
36788057
36788103
36788116
36788128
36788148
36788181
36788192
36788218
36788240
36788250
36788312
36788338
36788403
36788408
36788415
36788431
36788492
36788526
36788603
36788626
36788655
36788693
36788789
36788803
36788809
36788836
36788884
36788975
36788985
36789064
36789079
36789101
36960792
36960937
36961007
36961063
36961068
36961086
36961094
36961198
36961568
36961869
37120110
37120119
37120200
37120214
37120236
37120265
37120279
37120299
37120314
37120352
37120364
37120402
37120434
37120439
37120469
37120575
37120636
37120730
37120751
37120783
37120847
37120859
37120864
37120887
37120918
37121096
37121344
37289945
37289965
37289990
37290039
37290062
37290070
37290118
37290132
37290144
37290201
37290213
37290309
37290369
37290428
37290512
37290518
37290530
37290618
37290658
37290670
37290787
37290867
37291073
37459406
37459429
37459448
37459470
37459532
37459543
37459618
37459647
37459695
37459702
37459878
37459890
37459982
37459992
37460009
37460133
37460373
3752111
3752169
3752197
3752289
3752360
3752409
3752539
3752608
3752643
3752664
3752794
3752850
3752880
3752905
3752935
3753050
3753237
3753248
3753329
3753381
3753407
3753627
3753653
3753840
3753853
3753938
3753982
3754256
37621365
37621385
37621402
37621453
37621472
37621503
37621520
37621568
37621597
37621627
37621683
37621702
37621780
37621797
37621853
37621920
37622013
37622156
37931680
38336659
38336875
38337054
38337139
38337436
38337508
38337713
38337819
38337945
38338051
38338143
38338189
38338214
38338343
38338558
38338572
38338636
38338653
38338665
38338924
38339079
38339093
38339111
38339127
38339137
38339220
38339595
38339900
38340170
38340419
38340528
38340539
38340610
38340945
38341073
38341087
38341137
38341155
38341279
38341644
38342031
38342236
38342351
38554949
38554988
38555088
38555109
38555120
38555198
38555227
38555241
38555299
38555464
38555492
38555609
38555965
38556045
38556288
38556351
38556430
38556456
38556546
38556600
38556618
38556696
38556717
38556781
38556944
38557016
38557147
38557382
38557471
38557617
38557707
38557800
38557835
38557940
38557961
38558031
38558249
38558319
38558416
38558483
38558588
38558713
38558787
38558829
38558864
38558940
38558962
38559226
38559244
38559252
38559493
38559600
38559868
38560307
38560322
38560436
38560669
38560980
38767964
38768033
38768195
38768308
38768417
38768464
38768471
38768510
38768538
38768560
38768683
38768699
38768707
38768727
38768800
38768854
38768921
38769008
38769026
38769036
38769056
38769075
38769118
38769146
38769157
38769213
38769228
38769353
38769423
38769452
38769488
38769525
38769542
38769556
38769575
38769593
38769647
38769709
38769735
38769748
38769755
38769787
38769895
38769969
38770002
38770012
38770024
38770090
38770101
38770107
38770137
38770157
38770214
38770247
38770271
38770289
38770319
38770332
38770339
38770370
38770377
38770436
38770443
38770449
38770460
38770465
38770496
38770519
38770538
38770555
38770563
38770616
38770637
38770661
38770667
38770714
38770777
38770902
38770956
38771015
38771055
38771099
38771125
38771276
38771355
38771412
38771416
38771507
38771520
38771597
38771604
38771623
38771659
38771700
38771725
38771788
38771816
38771829
38771884
38771984
38772049
38772052
38772126
38772243
38772263
38772478
38772627
38772830
38773348
38773356
3888341
3888415
3888476
3888740
3888987
3889041
3889494
3889972
3890124
38981239
38981265
38981305
38981329
38981336
38981356
38981367
38981399
38981425
38981436
38981456
38981476
38981504
38981522
38981553
38981562
38981571
38981623
38981660
38981674
38981677
38981695
38981714
38981738
38981755
38981770
38981788
38981826
38981846
38981870
38981877
38981894
38981914
38981938
38981950
38981968
38981975
38982008
38982033
38982050
38982065
38982082
38982097
38982109
38982134
38982147
38982153
38982163
38982179
38982197
38982238
38982264
38982276
38982294
38982342
38982346
38982360
38982390
38982400
38982412
38982429
38982435
38982450
38982455
38982471
38982496
38982506
38982537
38982577
38982595
38982602
38982636
38982644
38982689
38982699
38982715
38982727
38982738
38982764
38982786
38982799
38982820
38982838
38982850
38982892
38982903
38982907
38982919
38982926
38982948
38982962
38982998
38983004
38983014
38983028
38983049
38983118
38983125
38983140
38983164
38983172
38983181
38983203
38983213
38983223
38983235
38983245
38983259
38983262
38983271
38983289
38983299
38983307
38983329
38983332
38983347
38983357
38983376
38983396
38983400
38983422
38983453
38983496
38983507
38983515
38983561
38983620
38983636
38983643
38983657
38983686
38983702
38983708
38983745
38983763
38983772
38983802
38983808
38983830
38983837
38983844
38983860
38983873
38983938
38983984
38984034
38984090
38984110
38984139
38984152
38984175
38984205
38984230
38984313
38984364
38984394
38984430
38984532
38984561
38984611
38984621
38984641
38984850
38984877
38984953
38985270
38985628
38985696
38985771
39186780
39186808
39186815
39186839
39186875
39186886
39186950
39186977
39186994
39187031
39187044
39187048
39187088
39187140
39187143
39187172
39187191
39187208
39187228
39187252
39187269
39187317
39187332
39187342
39187360
39187376
39187391
39187408
39187443
39187455
39187476
39187509
39187519
39187526
39187573
39187584
39187612
39187631
39187638
39187670
39187697
39187738
39187746
39187767
39187819
39187852
39187869
39187888
39187942
39187998
39188014
39188028
39188036
39188045
39188054
39188109
39188117
39188128
39188155
39188168
39188191
39188200
39188210
39188218
39188252
39188276
39188341
39188347
39188355
39188360
39188374
39188439
39188452
39188518
39188542
39188577
39188610
39188631
39188645
39188741
39188752
39188786
39188797
39188809
39188886
39188889
39188927
39188951
39189066
39189079
39189147
39189214
39189226
39189232
39189256
39189277
39189288
39189341
39189369
39189394
39189563
39189592
39189668
39189685
39189736
39189742
39189748
39189796
39189889
39189912
39189962
39190014
39384365
39384399
39384433
39384502
39384544
39384578
39384611
39384630
39384657
39384683
39384691
39384695
39384726
39384745
39384753
39384783
39384799
39384808
39384844
39384850
39384865
39384909
39384917
39384953
39384965
39385042
39385080
39385088
39385101
39385128
39385190
39385214
39385261
39385269
39385302
39385312
39385324
39385335
39385355
39385373
39385389
39385403
39385441
39385453
39385487
39385496
39385505
39385526
39385553
39385683
39385696
39385703
39385731
39385776
39385828
39385850
39385896
39385914
39385940
39386038
39386045
39386061
39386079
39386120
39386139
39386235
39386287
39386411
39386460
39386608
39386659
39386676
39387403
39573092
39573094
39573178
39573233
39573240
39573332
39573375
39573457
39573492
39573531
39573581
39573648
39573678
39573790
39573813
39573832
39573886
39573984
39574017
39574101
39574277
39574351
39574541
39749833
39749843
39749986
39750079
39750177
39750227
39750255
39750284
39750388
39750412
39750526
39750610
39750772
39750818
39750827
39750928
39751005
39751055
39751259
39751328
39751340
39751378
39751459
39751636
39751772
39751812
39751842
39751865
39751903
39751994
39752056
39752096
39752136
39752270
39752460
39752707
39752719
39752819
39752926
39752953
39752990
39753019
39753168
39753216
39753340
39753354
39753392
39753402
39753423
39753521
39753568
39753574
39753595
39753606
39753622
39753663
39753670
39753705
39753846
39753853
39753981
39754045
39754163
39754212
39754277
39754285
39754288
39754637
39754723
39754952
39755169
39755441
39755493
39755811
39966873
39966904
39966918
39966978
39967033
39967053
39967074
39967091
39967111
39967131
39967282
39967301
39967327
39967387
39967397
39967402
39967421
39967453
39967493
39967504
39967562
39967575
39967596
39967613
39967680
39967736
39967748
39967762
39967786
39967796
39967838
39967878
39967887
39967896
39967918
39967971
39967985
39967998
39968009
39968033
39968043
39968083
39968111
39968120
39968146
39968171
39968207
39968246
39968272
39968302
39968308
39968327
39968377
39968424
39968442
39968452
39968464
39968468
39968490
39968520
39968530
39968560
39968572
39968598
39968645
39968651
39968653
39968706
39968714
39968746
39968769
39968808
39968815
39968840
39968862
39968869
39968913
39968998
39969009
39969023
39969047
39969058
39969078
39969087
39969153
39969177
39969196
39969198
39969206
39969284
39969295
39969320
39969323
39969342
39969358
39969394
39969528
39969565
39969605
39969614
39969672
39969685
39969694
39969724
39969807
39969894
39969920
39969947
39969975
39969983
39970073
39970101
39970114
39970117
39970128
39970145
39970154
39970211
39970219
39970390
39970459
39970519
39970543
39970562
39970584
39970645
39970649
39970690
39970788
39970946
39971137
39971528
39971566
39974023
40175978
40175984
40176006
40176020
40176027
40176031
40176073
40176096
40176110
40176131
40176149
40176165
40176183
40176205
40176214
40176216
40176235
40176253
40176279
40176288
40176317
40176327
40176368
40176382
40176401
40176420
40176424
40176441
40176462
40176470
40176491
40176499
40176534
40176571
40176592
40176599
40176618
40176628
40176638
40176657
40176680
40176713
40176732
40176746
40176758
40176770
40176805
40176811
40176824
40176834
40176897
40176911
40176939
40176966
40176983
40176992
40177000
40177013
40177024
40177075
40177083
40177096
40177109
40177161
40177187
40177213
40177226
40177274
40177281
40177341
40177404
40177424
40177507
40177517
40177523
40177586
40177623
40177635
40177643
40177680
40177693
40177714
40177806
40177924
40177939
40177971
40177989
40178001
40178023
40178039
40178061
40178064
40178073
40178102
40178150
40178188
40178192
40178201
40178209
40178212
40178219
40178239
40178267
40178312
40178316
40178339
40178408
40178417
40178457
40178494
40178522
40178527
40178568
40178607
40178625
40178668
40178752
40178802
40178814
40179074
40179085
40179659
4021005
4021018
4021121
4021177
4021258
4021319
4021416
4021458
4021515
4021562
4021615
4021635
4021734
4021767
4021840
4021896
4021943
4022013
4022325
4022356
4022382
4022409
4022430
4022512
4022551
4022702
4022755
4022782
4023062
4023139
4023153
4023171
4023182
4023297
40377092
40377111
40377146
40377162
40377173
40377185
40377190
40377222
40377250
40377265
40377286
40377312
40377330
40377342
40377365
40377373
40377402
40377417
40377426
40377441
40377470
40377495
40377523
40377539
40377553
40377567
40377586
40377611
40377637
40377674
40377694
40377716
40377758
40377777
40377783
40377812
40377827
40377857
40377871
40377929
40377941
40377952
40377977
40378042
40378069
40378104
40378146
40378156
40378173
40378239
40378266
40378279
40378305
40378356
40378365
40378374
40378385
40378403
40378414
40378447
40378458
40378534
40378568
40378578
40378592
40378600
40378634
40378671
40378708
40378817
40378845
40378865
40378886
40378930
40378939
40378959
40379024
40379080
40379126
40379320
40379349
40379359
40379366
40379421
40379503
40379520
40379585
40379785
40379823
40379839
40380000
40380196
40380254
40380343
40380351
40380381
40380428
404280
404320
404397
404490
404617
404708
404755
404797
404867
404916
405224
405464
405493
405520
405636
405663
40573108
40573128
40573156
40573164
40573174
40573185
40573202
40573248
40573279
40573332
40573371
40573381
40573430
40573464
40573473
40573501
40573514
40573540
40573558
40573601
40573614
40573651
40573657
40573665
40573694
40573720
40573733
40573763
40573788
40573801
40573808
40573817
40573847
40573857
40573861
40573888
40573903
40573911
40573912
40573922
40573929
40573940
40573993
40574041
40574059
40574236
40574241
40574278
40574348
40574365
40574381
40574390
40574404
40574443
40574461
40574480
40574526
40574552
40574577
40574746
40574868
40574878
40575010
406427
40760880
40760887
40760902
40760931
40760940
40760983
40761022
40761082
40761216
40761274
40761336
40761348
40761540
40761582
40762782
40933140
40933249
40933274
40933304
40933318
40933349
40933396
40933430
40933461
40933477
40933487
40933494
40933522
40933551
40933584
40933605
40933632
40933676
40933693
40933777
40933807
40933822
40933836
40933851
40933864
40933926
40933947
40934006
40934021
40934104
40934151
40934171
40934180
40934224
40934292
40934299
40934317
40934325
40934380
40934398
40934407
40934449
40934478
40934501
40934509
40934587
40934592
40934617
40934698
40934770
40934815
40934827
40934919
40934949
40935090
40935152
40935162
40935179
40935207
40935210
40935275
40935316
40935407
40935432
40935490
40935714
40935765
40935898
40935951
40935960
40935995
40936044
40936115
40936122
40936170
40936340
40936406
40936452
40936744
40936813
40936846
40936859
40936866
40936872
40937299
41144236
41144277
41144300
41144362
41144381
41144385
41144426
41144502
41144514
41144524
41144543
41144560
41144571
41144612
41144649
41144668
41144679
41144690
41144740
41144778
41144797
41144833
41144856
41144875
41144889
41144943
41144953
41144974
41144995
41145020
41145033
41145048
41145074
41145080
41145103
41145112
41145158
41145249
41145263
41145274
41145306
41145319
41145372
41145383
41145399
41145403
41145422
41145459
41145492
41145498
41145560
41145598
41145619
41145632
41145657
41145690
41145697
41145728
41145752
41145777
41145793
41145827
41145838
41145844
41145856
41145877
41145882
41145934
41145940
41145959
41145989
41146060
41146083
41146102
41146126
41146159
41146166
41146176
41146192
41146238
41146258
41146284
41146312
41146318
41146376
41146387
41146415
41146434
41146464
41146472
41146480
41146489
41146499
41146518
41146533
41146543
41146600
41146617
41146625
41146640
41146669
41146678
41146699
41146754
41146778
41146796
41146806
41146819
41146827
41146855
41146886
41146916
41146954
41146976
41147004
41147012
41147023
41147032
41147041
41147054
41147072
41147083
41147092
41147097
41147107
41147141
41147146
41147156
41147203
41147274
41147294
41147354
41147390
41147400
41147407
41147446
41147459
41147469
41147477
41147545
41147589
41147604
41147668
41147806
41147817
41147821
41147863
41147872
41147890
41147923
41148008
41148093
41148183
41148237
41148243
41148355
41148394
41148470
41148485
41148507
41148535
41148597
41148601
41148694
41148730
41148742
41148745
41148764
41148809
41148899
41149003
41149441
41149899
41354232
41354256
41354327
41354343
41354359
41354388
41354423
41354455
41354484
41354497
41354546
41354569
41354587
41354602
41354625
41354642
41354659
41354686
41354708
41354718
41354744
41354757
41354785
41354801
41354813
41354841
41354862
41354878
41354882
41354897
41354918
41354927
41354939
41354972
41354987
41355007
41355026
41355036
41355047
41355060
41355090
41355104
41355139
41355167
41355178
41355191
41355217
41355227
41355249
41355276
41355286
41355318
41355325
41355354
41355379
41355408
41355412
41355485
41355497
41355540
41355572
41355574
41355586
41355593
41355601
41355616
41355670
41355700
41355780
41355804
41355841
41355867
41355872
41355886
41355895
41355905
41355959
41355960
41356023
41356038
41356072
41356136
41356143
41356190
41356204
41356226
41356241
41356248
41356282
41356285
41356297
41356326
41356336
41356348
41356354
41356372
41356390
41356396
41356416
41356441
41356458
41356470
41356535
41356548
41356550
41356564
41356602
41356621
41356659
41356679
41356707
41356709
41356729
41356752
41356785
41356816
41356821
41356824
41356872
41356926
41356940
41356956
41356959
41356974
41356993
41357021
41357073
41357133
41357176
41357211
41357220
41357224
41357264
41357281
41357328
41357335
41357399
41357429
41357450
41357479
41357497
41357507
41357518
41357550
41357607
41357620
41357657
41357723
41357772
41357821
41357864
41357877
41357908
41358109
41358261
41358306
41358494
41358629
41358749
41359243
41359790
4154879
4154939
4155059
4155136
4155200
4155219
4155253
4155347
4155464
4155523
4155577
4155624
4155660
4155689
4155754
4155796
4155834
4155959
4156025
4156073
4156144
41561664
41561694
41561717
41561732
41561747
41561786
41561800
41561818
41561864
41561875
41561901
41561910
41561939
41561949
41561986
41562010
41562029
41562047
41562078
41562087
41562103
41562128
41562146
41562161
41562177
41562190
41562198
41562209
41562230
41562239
41562246
41562259
41562273
41562280
41562301
41562325
41562334
41562377
41562384
41562439
41562480
41562487
41562512
41562520
41562529
41562549
41562576
41562582
41562596
41562606
41562640
41562649
41562676
41562695
4156275
41562750
41562761
41562779
41562790
41562800
41562805
41562824
41562836
41562848
4156285
41562870
41562881
41562896
41562904
41562913
41562915
41562924
41562941
41563022
41563039
41563078
41563088
41563112
41563148
41563176
41563205
41563227
41563278
41563286
41563290
41563344
41563453
41563465
41563514
41563523
41563576
41563587
41563604
41563628
41563652
41563662
41563691
41563704
41563757
41563763
41563772
41563780
41563796
41563881
41563898
41563903
41563925
41563948
41564002
41564055
41564078
41564086
41564107
41564110
4156422
41564294
4156440
41564419
41564448
41564491
41564551
41564562
41564567
41564582
41564657
41564678
41564790
41564796
4156487
41564927
4156509
41565092
4156545
4156564
4156617
41566218
4156662
4156735
4156756
4156797
4156835
4156876
4156953
4156974
4157041
4157108
4157367
4157388
4157586
4157710
4157944
41759839
41759860
41759876
41759882
41759889
41759920
41759971
41760023
41760080
41760105
41760168
41760174
41760230
41760241
41760256
41760287
41760318
41760352
41760362
41760384
41760399
41760418
41760451
41760534
41760542
41760555
41760562
41760613
41760636
41760646
41760655
41760719
41760730
41760740
41760749
41760792
41760817
41760825
41760857
41760887
41760923
41760941
41760963
41761012
41761035
41761087
41761104
41761180
41761202
41761203
41761222
41761255
41761285
41761313
41761352
41761545
41761563
41761619
41761632
41761643
41761650
41761661
41761678
41761708
41761779
41761820
41761834
41761929
41762022
41762120
41762194
41950008
41950022
41950055
41950086
41950115
41950124
41950163
41950182
41950187
41950205
41950240
41950272
41950287
41950301
41950348
41950355
41950368
41950385
41950394
41950414
41950462
41950549
41950566
41950576
41950586
41950603
41950608
41950658
41950675
41950741
41950752
41950757
41950770
41950781
41950851
41950879
41950916
41950929
41950952
41950959
41950969
41950976
41951006
41951014
41951039
41951049
41951064
41951105
41951132
41951141
41951181
41951211
41951225
41951256
41951266
41951279
41951339
41951351
41951375
41951389
41951412
41951460
41951470
41951478
41951491
41951501
41951550
41951594
41951613
41951626
41951639
41951666
41951670
41951678
41951755
41951852
41951860
41951877
41951890
41951917
41951922
41951929
41951984
41952036
41952051
41952059
41952091
41952160
41952226
41952250
41952267
41952315
41952321
41952332
41952359
41952386
41952403
41952420
41952430
41952490
41952522
41952525
41952552
41952583
41952694
41952707
41952772
41952803
41952852
41952905
41952983
41952988
41953134
41953149
41953195
41953379
41953418
41953488
41953628
41953697
42155167
42155187
42155197
42155236
42155253
42155275
42155300
42155306
42155334
42155356
42155379
42155415
42155423
42155440
42155455
42155485
42155493
42155512
42155549
42155567
42155584
42155627
42155643
42155648
42155693
42155704
42155725
42155742
42155751
42155765
42155790
42155802
42155820
42155828
42155841
42155851
42155867
42155903
42155917
42155932
42155948
42155989
42155998
42156034
42156047
42156059
42156072
42156114
42156128
42156146
42156168
42156215
42156228
42156233
42156256
42156333
42156383
42156390
42156401
42156431
42156461
42156483
42156520
42156546
42156555
42156607
42156632
42156644
42156654
42156664
42156685
42156695
42156717
42156732
42156752
42156786
42156835
42156845
42156858
42156870
42156924
42156979
42157025
42157036
42157061
42157111
42157126
42157135
42157182
42157188
42157288
42157292
42157330
42157335
42157380
42157461
42157593
42157637
42157672
42157696
42157789
42157791
42157798
42157825
42157847
42157851
42157907
42157922
42157950
42157983
42158079
42158095
42158111
42158117
42158132
42158149
42158189
42158217
42158231
42158263
42158270
42158277
42158310
42158325
42158331
42158336
42158351
42158395
42158404
42158419
42158439
42158444
42158469
42158482
42158522
42158557
42158564
42158573
42158702
42158739
42158782
42158958
42159033
42159178
42159213
42159218
42159553
42159775
42360671
42360724
42360728
42360770
42360791
42360816
42360826
42360844
42360862
42360896
42360910
42360934
42360949
42360978
42361021
42361039
42361048
42361073
42361087
42361102
42361110
42361127
42361159
42361205
42361219
42361263
42361351
42361363
42361380
42361388
42361408
42361425
42361438
42361449
42361456
42361502
42361508
42361541
42361579
42361644
42361661
42361669
42361685
42361686
42361701
42361705
42361710
42361730
42361735
42361769
42361781
42361810
42361821
42361840
42361864
42361879
42361897
42361911
42361931
42361958
42361989
42361999
42362044
42362055
42362071
42362095
42362119
42362127
42362154
42362162
42362179
42362216
42362225
42362335
42362387
42362394
42362415
42362428
42362467
42362494
42362546
42362573
42362587
42362608
42362615
42362634
42362638
42362660
42362680
42362724
42362787
42362800
42362851
42362910
42362950
42362981
42362986
42363019
42363025
42363037
42363108
42363133
42363172
42363239
42363311
42363378
42363691
42364008
42561913
42561969
42561991
42562038
42562047
42562098
42562110
42562134
42562147
42562158
42562179
42562203
42562244
42562258
42562275
42562287
42562320
42562352
42562366
42562383
42562399
42562439
42562482
42562493
42562514
42562522
42562550
42562566
42562571
42562581
42562605
42562632
42562660
42562670
42562696
42562711
42562719
42562743
42562752
42562758
42562824
42562831
42562873
42562884
42562903
42562913
42562933
42562954
42562964
42562988
42562994
42563007
42563047
42563069
42563084
42563100
42563110
42563134
42563144
42563165
42563208
42563231
42563243
42563274
42563309
42563334
42563369
42563378
42563389
42563474
42563492
42563527
42563550
42563554
42563573
42563660
42563692
42563762
42563775
42563778
42563783
42563789
42563807
42563836
42563893
42563945
42564111
42564225
42564269
42564838
42564983
42753544
42753580
42753590
42753606
42753673
42753696
42753716
42753727
42753743
42753769
42753777
42753802
42753816
42753847
42753875
42753887
42753909
42753926
42753958
42753991
42753995
42754018
42754067
42754078
42754086
42754110
42754130
42754144
42754153
42754180
42754189
42754213
42754258
42754274
42754312
42754330
42754427
42754448
42754474
42754527
42754580
42754586
42754611
42754616
42754627
42754668
42754758
42754770
42754793
42754805
42754817
42754840
42754863
42754881
42755023
42755026
42755035
42755356
42755609
42755760
4287967
4287991
4288102
4288215
4288348
4288377
4288492
4288545
4288594
4288807
4288896
4288973
4289056
4289077
4289117
4289146
4289173
4289260
4289323
4289361
4289396
4289478
4289512
4289547
4289756
4289779
4289796
4289826
4289863
4289935
4290043
4290091
4290295
4290340
4290355
4290379
4290399
42939460
42939536
42939636
42939674
42939813
42939833
42939937
42939987
42940174
42940227
42940276
42940353
42940458
42940524
42940707
43428084
43428102
43428122
43428170
43428197
43428218
43428234
43428246
43428269
43428303
43428332
43428338
43428388
43428400
43428408
43428465
43428487
43428497
43428509
43428537
43428562
43428610
43428629
43428656
43428664
43428690
43428694
43428718
43428730
43428756
43428767
43428784
43428794
43428827
43428854
43428870
43428905
43428931
43428935
43428952
43428998
43429009
43429025
43429045
43429057
43429069
43429076
43429092
43429141
43429156
43429166
43429188
43429216
43429231
43429253
43429266
43429270
43429288
43429325
43429335
43429341
43429358
43429388
43429408
43429445
43429462
43429473
43429475
43429485
43429496
43429520
43429527
43429599
43429622
43429643
43429656
43429719
43429725
43429748
43429783
43429823
43429825
43429855
43429862
43429865
43429909
43429920
43429927
43429948
43429969
43430006
43430032
43430043
43430062
43430079
43430093
43430102
43430130
43430136
43430157
43430182
43430186
43430223
43430229
43430257
43430279
43430286
43430298
43430331
43430355
43430359
43430393
43430405
43430493
43430536
43430558
43430567
43430613
43430624
43430676
43430685
43430740
43430745
43430798
43430806
43430820
43430843
43430851
43430857
43430930
43430947
43431012
43431072
43431082
43431184
43431205
43431218
43431263
43431267
43431317
43431335
43431370
43431631
43431657
43431761
43432050
43432053
43432423
43626564
43626566
43626646
43626650
43626675
43626711
43626726
43626740
43626784
43626796
43626836
43626846
43626871
43626883
43626903
43626923
43626950
43626957
43626979
43626988
43626994
43627018
43627047
43627064
43627080
43627088
43627113
43627118
43627138
43627146
43627191
43627219
43627311
43627317
43627346
43627369
43627379
43627407
43627421
43627427
43627440
43627451
43627465
43627472
43627477
43627496
43627504
43627529
43627542
43627557
43627606
43627642
43627654
43627672
43627724
43627742
43627747
43627761
43627794
43627825
43627831
43627839
43627850
43627914
43627940
43627983
43627994
43628089
43628096
43628176
43628207
43628215
43628244
43628247
43628258
43628263
43628269
43628291
43628527
43628589
43628709
43628847
43628985
43629430
43822713
43822726
43822732
43822747
43822771
43822822
43822844
43822850
43822860
43822875
43822897
43822910
43822924
43822939
43822980
43822999
43823008
43823026
43823066
43823077
43823088
43823096
43823123
43823137
43823152
43823162
43823183
43823209
43823214
43823242
43823253
43823277
43823327
43823363
43823371
43823401
43823414
43823454
43823465
43823498
43823508
43823557
43823630
43823637
43823671
43823724
43823831
43823858
43823869
43823906
43823969
43823992
43824002
43824024
43824070
43824080
43824095
43824102
43824157
43824207
43824248
43824262
43824330
43824349
43824365
43824394
43824413
43824451
43824476
43824500
43824547
43824574
43824627
43824637
43824695
43824713
43824738
43824766
43824773
43824814
43824856
43824899
43825076
43825162
43825206
43825217
43825227
43825296
43825305
43825339
43825517
44015040
44015055
44015085
44015098
44015129
44015163
44015184
44015195
44015244
44015251
44015269
44015311
44015350
44015379
44015390
44015406
44015419
44015431
44015441
44015470
44015488
44015502
44015507
44015518
44015556
44015581
44015596
44015619
44015628
44015681
44015695
44015708
44015712
44015732
44015758
44015775
44015841
44015853
44015865
44015899
44015909
44015922
44015936
44015953
44016006
44016015
44016083
44016097
44016147
44016161
44016165
44016202
44016218
44016232
44016316
44016378
44016400
44016411
44016448
44016454
44016459
44016483
44016485
44016497
44016513
44016529
44016647
44016664
44016782
44016812
44016846
44016881
44016890
44017017
44017025
44017057
44017092
44017115
44017167
44017263
44017308
44017345
44017435
44017467
44017504
44017713
44202244
44202271
44202289
44202340
44202352
44202365
44202384
44202393
44202405
44202451
44202468
44202620
44202651
44202666
44202675
44202682
44202724
44202734
44202767
44202786
44202813
44202946
44202980
44203008
44203057
44203104
44203108
44203117
44203126
44203252
44203278
44203366
44203395
44203671
44203687
44203803
44203899
4422548
4422597
4422655
4422759
4422827
4422921
4422967
4423054
4423126
4423217
4423268
4423292
4423405
4423509
4423568
4423632
4423675
4423769
4423821
4423838
4423877
4423900
4423924
4423976
4424006
4424033
4424071
4424100
4424158
4424509
4424535
4424674
44378528
44378544
44378563
44378574
44378630
44378648
44378676
44378700
44378713
44378729
44378761
44378779
44378796
44378805
44378809
44378879
44378920
44378972
44378989
44378995
44379013
44379062
44379076
44379085
44379147
44379200
44379269
44379272
44379299
44379316
44379378
44379397
44379412
44379449
44379497
44379522
44379548
44379606
44379664
44379674
44379676
44379768
44379847
44379902
44379919
44380006
44380023
44380205
44380231
44380255
44380268
44380352
44380408
44380432
44380697
44382996
44383001
44564791
44564822
44564846
44564886
44564918
44564951
44564971
44564989
44565053
44565072
44565129
44565150
44565171
44565185
44565193
44565208
44565220
44565241
44565261
44565284
44565295
44565308
44565345
44565362
44565389
44565412
44565462
44565484
44565493
44565501
44565519
44565525
44565538
44565560
44565604
44565623
44565645
44565651
44565669
44565685
44565702
44565837
44565860
44565870
44565886
44565895
44565971
44566006
44566073
44566082
44566093
44566128
44566142
44566153
44566199
44566266
44566273
44566513
44566550
44566558
44566578
44566591
44566637
44566672
44566752
44566756
44566761
44566775
44566838
44566842
44566870
44567045
44567078
44567107
44567140
44567227
44752030
44752069
44752074
44752165
44752188
44752203
44752223
44752231
44752241
44752292
44752298
44752343
44752349
44752362
44752380
44752396
44752426
44752437
44752450
44752466
44752484
44752495
44752524
44752535
44752543
44752575
44752623
44752631
44752692
44752737
44752860
44752865
44752883
44752892
44752902
44752952
44753036
44753041
44753125
44753148
44753181
44753184
44753194
44753290
44753360
44753368
44753498
44753833
44753892
44754059
44933208
44933292
44933327
44933340
44933352
44933422
44933489
44933591
44933798
44933810
44933838
44933928
44933960
44934049
44934234
44934255
44934262
44934281
44934289
44934322
44934353
44934451
44934500
44934548
44934698
45108260
45108284
45108312
45108564
45108908
45433316
45433339
45433345
45433422
45433436
45433561
45433589
45433728
45433732
45433798
45433802
45433847
45433863
45433870
45433884
45433903
45433992
45434030
45434087
45434226
45434343
45434459
45434959
4557623
4557774
4557874
4557916
4557988
4558170
4558199
4558212
4558362
4558517
4558692
4558741
4558784
45608352
45608542
45608556
45608615
45608730
45608941
45609369
45779937
45780016
45780907
46743018
46743113
46743191
46743194
46743208
46743347
46743367
46743557
46743593
46743819
46743832
46743856
46743886
46744187
46744471
46744514
46744624
46744723
46744752
46744955
46744982
46745013
46745022
46745053
46745092
46745098
46745164
46745262
46745331
46745370
46745419
46745521
46745583
46745781
46745783
46745814
46745859
46745870
46745894
46745932
46746203
46746218
46746390
46746409
46746443
46746452
46746528
46746641
46746909
46747015
46747106
46747122
46747198
46747260
46747329
46747425
46747512
46747706
46747755
46747895
46747907
46748093
46748174
46748181
46748886
46749226
46749400
4693797
4694356
46961803
46961865
46961884
46961885
46961931
46962073
46962113
46962154
46962162
46962246
46962249
46962270
46962425
46962685
46962718
46962887
46962943
46962966
46963020
46963110
46963119
46963168
46963230
46963320
46963386
46963517
46963547
46963571
46963583
46963653
46963667
46963768
46963890
46963958
46964052
46964147
46964202
46964217
46964327
46964410
46964436
46964580
46964673
46964690
46964728
46964741
46964820
46965002
46965079
46965115
46965187
46965289
46965366
46965425
46965429
46965496
46965529
46965663
46965733
46965765
46965994
46966056
46966276
46966354
46966574
46966646
46966817
46966865
46967031
46967567
46967725
46968341
47178636
47178666
47178696
47178731
47178796
47178810
47178820
47178841
47178945
47178969
47178989
47178996
47179015
47179025
47179089
47179117
47179138
47179153
47179176
47179198
47179249
47179255
47179276
47179370
47179547
47179617
47179623
47179637
47179656
47179669
47179708
47179765
47179806
47179816
47179822
47179910
47179925
47179931
47179981
47180021
47180065
47180080
47180098
47180119
47180129
47180142
47180155
47180175
47180237
47180295
47180332
47180447
47180474
47180491
47180511
47180526
47180539
47180556
47180562
47180570
47180586
47180620
47180692
47180735
47180738
47180760
47180822
47180840
47180862
47180876
47180995
47181028
47181051
47181096
47181108
47181135
47181152
47181179
47181200
47181217
47181257
47181276
47181291
47181355
47181391
47181615
47181731
47181750
47181773
47181897
47181919
47181942
47181990
47182022
47182113
47182121
47182230
47182277
47182316
47182329
47182391
47182399
47182596
47182626
47182674
47182715
47182759
47182871
47183049
47184034
47184119
47391537
47391573
47391604
47391656
47391706
47391716
47391748
47391773
47391809
47391824
47391837
47391861
47391865
47391878
47391905
47391927
47391974
47391990
47392007
47392018
47392034
47392045
47392055
47392084
47392097
47392100
47392117
47392129
47392150
47392157
47392170
47392181
47392207
47392216
47392235
47392249
47392254
47392300
47392310
47392324
47392332
47392345
47392364
47392384
47392393
47392402
47392419
47392424
47392435
47392451
47392463
47392471
47392479
47392518
47392538
47392563
47392590
47392605
47392636
47392650
47392660
47392669
47392677
47392689
47392757
47392772
47392785
47392802
47392826
47392851
47392862
47392890
47392940
47392954
47392964
47392977
47392994
47393040
47393052
47393055
47393063
47393076
47393082
47393094
47393104
47393113
47393123
47393135
47393142
47393154
47393162
47393174
47393191
47393213
47393242
47393257
47393278
47393286
47393297
47393314
47393339
47393346
47393351
47393390
47393397
47393427
47393445
47393500
47393511
47393516
47393547
47393557
47393584
47393660
47393671
47393681
47393687
47393744
47393751
47393773
47393781
47393836
47393840
47393844
47393877
47393918
47393923
47393953
47394034
47394039
47394050
47394073
47394091
47394093
47394112
47394155
47394174
47394197
47394224
47394248
47394290
47394294
47394297
47394299
47394334
47394352
47394359
47394376
47394407
47394450
47394461
47394465
47394492
47394517
47394549
47394579
47394663
47394668
47394688
47394803
47394858
47394913
47394995
47395206
47395243
47395373
47395413
47395452
47395593
47395666
47395846
47395889
47396257
47396629
475
47599277
47599447
47599484
47599490
47599499
47599512
47599530
47599536
47599547
47599580
47599594
47599618
47599627
47599692
47599706
47599721
47599730
47599748
47599754
47599794
47599838
47599845
47599863
47599900
47599932
47599956
47599979
47600003
47600016
47600049
47600066
47600077
47600115
47600197
47600223
47600234
47600244
47600273
47600314
47600323
47600342
47600349
47600377
47600385
47600405
47600415
47600430
47600539
47600544
47600563
47600595
47600655
47600686
47600691
47600699
47600719
47600741
47600747
47600781
47600835
47600838
47600861
47600869
47600879
47600929
47601051
47601059
47601089
47601123
47601138
47601158
47601236
47601259
47601264
47601284
47601312
47601320
47601424
47601638
47601650
47601692
47601715
47601734
47601861
47601878
47601929
47601984
47602050
47602101
47602376
47602567
47796876
47796890
47796909
47796957
47796971
47796977
47797051
47797104
47797119
47797128
47797149
47797170
47797222
47797235
47797247
47797259
47797283
47797294
47797299
47797312
47797343
47797352
47797390
47797398
47797411
47797435
47797508
47797518
47797553
47797569
47797596
47797606
47797626
47797631
47797635
47797653
47797661
47797677
47797708
47797725
47797780
47797799
47797845
47797897
47797916
47797946
47797960
47797963
47797990
47797998
47798010
47798116
47798132
47798187
47798208
47798231
47798243
47798249
47798281
47798302
47798332
47798398
47798405
47798491
47798513
47798531
47798553
47798640
47798710
47798852
47798876
47799064
47799292
47985667
47985695
47985705
47985733
47985780
47985840
47985871
47985887
47985899
47985942
47985969
47985981
47986045
47986167
47986243
47986354
47986493
47986604
47987039
47988211
48320477
48320487
48320497
48320517
48320549
48320573
48320633
48320641
48320663
48320669
48320744
48320785
48320807
48320815
48320822
48320842
48320860
48320876
48320929
48320981
48320986
48321004
48321027
48321107
48321116
48321132
48321144
48321165
48321193
48321228
48321241
48321245
48321258
48321267
48321297
48321332
48321351
48321375
48321378
48321408
48321416
48321431
48321456
48321462
48321481
48321488
48321502
48321512
48321557
48321581
48321593
48321609
48321651
48321661
48321666
48321684
48321707
48321730
48321734
48321779
48321823
48321841
48321852
48321856
48321876
48321896
48321907
48321923
48321938
48321978
48322026
48322049
48322084
48322093
48322158
48322168
48322186
48322190
48322200
48322212
48322218
48322242
48322256
48322274
48322279
48322289
48322292
48322314
48322328
48322364
48322372
48322379
48322388
48322396
48322418
48322434
48322446
48322454
48322469
48322477
48322487
48322530
48322539
48322548
48322558
48322578
48322580
48322621
48322650
48322663
48322669
48322703
48322722
48322825
48322834
48322926
48322944
48322958
48322961
48322970
48322972
48322980
48323018
48323027
48323060
48323117
48323193
48323199
48323230
48323314
48323369
48323383
48323411
48323428
48323452
48323508
48323518
48323560
48323931
48323962
48324012
48324136
48324142
48324160
48324165
48324237
48324244
48324360
48324433
48324603
48324695
48324700
48324723
48325017
48325150
48529777
48529782
48529791
48529796
48529812
48529851
48529866
48529898
48529921
48529956
48529964
48529994
48530005
48530046
48530063
48530077
48530093
48530126
48530134
48530157
48530174
48530231
48530276
48530287
48530305
48530334
48530355
48530384
48530410
48530428
48530458
48530471
48530517
48530601
48530606
48530637
48530643
48530658
48530663
48530695
48530708
48530754
48530777
48530794
48530807
48530819
48530831
48530842
48530859
48530874
48530884
48530896
48530908
48530950
48530956
48531010
48531021
48531134
48531145
48531147
48531161
48531183
48531305
48531316
48531350
48531367
48531385
48531411
48531420
48531427
48531432
48531451
48531482
48531518
48531531
48531552
48531569
48531573
48531581
48531600
48531617
48531631
48531673
48531679
48531692
48531696
48531740
48531856
48531865
48531878
48531888
48531896
48531949
48531955
48532095
48532102
48532109
48532137
48532151
48532181
48532191
48532208
48532237
48532325
48532379
48532452
48532530
48532557
48532596
48532665
48532724
48532737
48532785
48532805
48532814
48532819
48532929
48532933
48533072
48533197
48533220
48533245
48533265
48533636
48533717
48533766
48533780
48533797
48533814
48533923
48534072
48733767
48733785
48733810
48733827
48733864
48733876
48733892
48733904
48733934
48733947
48733961
48733983
48734028
48734040
48734057
48734085
48734094
48734124
48734135
48734161
48734177
48734193
48734213
48734254
48734266
48734270
48734308
48734324
48734357
48734373
48734423
48734451
48734458
48734540
48734549
48734589
48734641
48734666
48734677
48734703
48734720
48734740
48734845
48734852
48734880
48734887
48734924
48734928
48734966
48734983
48735008
48735043
48735048
48735063
48735095
48735227
48735266
48735270
48735370
48735378
48735471
48735555
48735590
48735602
48735621
48735624
48735799
48736057
48736215
48736479
48923020
48923084
48923157
48923263
48923302
48923309
48923343
48923473
48923495
48923565
48923651
48923847
48923892
48924073
48924114
49097034
49097045
49097113
49097205
49097267
49097279
49097321
49097346
49097361
49097368
49097378
49097413
49097425
49097432
49097477
49097489
49097504
49097522
49097553
49097613
49097621
49097641
49097654
49097671
49097681
49097813
49097824
49097846
49097981
49097993
49098013
49098050
49098077
49098096
49098112
49098131
49098187
49098225
49098243
49098252
49098272
49098285
49098331
49098345
49098357
49098398
49098451
49098463
49098478
49098481
49098496
49098501
49098519
49098522
49098558
49098569
49098593
49098626
49098646
49098697
49098705
49098716
49098759
49098768
49098786
49098823
49098846
49098884
49098894
49098932
49098949
49098960
49098981
49099017
49099033
49099060
49099073
49099079
49099108
49099116
49099157
49099166
49099202
49099224
49099233
49099247
49099289
49099305
49099319
49099403
49099413
49099518
49099591
49099601
49099633
49099652
49099690
49099747
49099794
49099857
49099886
49099897
49099970
49099975
49100036
49100118
49100135
49100163
49100228
49100232
49100312
49100325
49100438
49100441
49100459
49100467
49100480
49100504
49100586
49100681
49100758
49100788
49100793
49100868
49100876
49100891
49100933
49100935
49100954
49100966
49101027
49101033
49101043
49101147
49101179
49101247
49101271
49101339
49101550
49101853
49102314
49309602
49309645
49309669
49309697
49309707
49309731
49309755
49309769
49309783
49309800
49309826
49309856
49309869
49309903
49309951
49309969
49309976
49309981
49309988
49309999
49310024
49310078
49310134
49310142
49310166
49310180
49310210
49310222
49310232
49310252
49310275
49310290
49310301
49310333
49310354
49310362
49310386
49310446
49310481
49310547
49310565
49310596
49310602
49310637
49310679
49310697
49310738
49310757
49310776
49310788
49310801
49310825
49310832
49310856
49310889
49310918
49310930
49310957
49310983
49311052
49311069
49311070
49311088
49311093
49311122
49311124
49311150
49311162
49311242
49311251
49311264
49311272
49311296
49311338
49311365
49311378
49311430
49311446
49311456
49311466
49311477
49311497
49311567
49311606
49311615
49311632
49311652
49311669
49311686
49311696
49311705
49311716
49311734
49311750
49311772
49311854
49311866
49311877
49311921
49311937
49311969
49312005
49312023
49312032
49312056
49312138
49312172
49312180
49312205
49312230
49312270
49312326
49312340
49312363
49312389
49312432
49312495
49312511
49312530
49312580
49312600
49312713
49312722
49312774
49312801
49312837
49312878
49312944
49312953
49312957
49312962
49313024
49313058
49313117
49313151
49313157
49313162
49313211
49313257
49313405
49313654
49313694
49313781
49313811
49313844
49313861
49313944
49313968
49314314
49314713
49520287
49520315
49520351
49520383
49520407
49520445
49520457
49520481
49520509
49520545
49520562
49520567
49520588
49520630
49520651
49520670
49520683
49520702
49520721
49520734
49520743
49520759
49520795
49520810
49520825
49520879
49520915
49520926
49520948
49520962
49520986
49520991
49521036
49521053
49521064
49521076
49521104
49521137
49521151
49521158
49521178
49521193
49521215
49521230
49521257
49521274
49521280
49521291
49521297
49521300
49521401
49521414
49521424
49521441
49521475
49521512
49521534
49521553
49521566
49521574
49521606
49521612
49521666
49521705
49521724
49521731
49521763
49521774
49521833
49521867
49521891
49521902
49521926
49521977
49521982
49521992
49522000
49522079
49522086
49522097
49522162
49522197
49522235
49522296
49522304
49522342
49522345
49522354
49522475
49522527
49522537
49522548
49522592
49522599
49522610
49522677
49522720
49522826
49522970
49523011
49523024
49523044
49523054
49719732
49719750
49719782
49719805
49719824
49719835
49719853
49719870
49719876
49719897
49719900
49719959
49719979
49719984
49720014
49720045
49720054
49720072
49720084
49720094
49720119
49720135
49720171
49720204
49720215
49720240
49720324
49720343
49720356
49720368
49720378
49720385
49720406
49720413
49720431
49720464
49720468
49720536
49720580
49720604
49720628
49720671
49720684
49720694
49720702
49720709
49720724
49720738
49720759
49720813
49720908
49720941
49720974
49720982
49720995
49721044
49721061
49721147
49721182
49721190
49721213
49721221
49721239
49721246
49721263
49721269
49721281
49721306
49721322
49721340
49721357
49721381
49721394
49721418
49721433
49721478
49721484
49721497
49721512
49721573
49721666
49721673
49721779
49721831
49721853
49721917
49721942
49722083
49722118
49722333
49722340
49722549
49722795
49912815
49912906
49913040
49913152
49913396
50236530
50236557
50236589
50236601
50236621
50236649
50236667
50236676
50236703
50236731
50236748
50236762
50236787
50236810
50236822
50236833
50236907
50236915
50236938
50236954
50236965
50236995
50237012
50237025
50237037
50237057
50237086
50237116
50237136
50237173
50237205
50237222
50237229
50237235
50237274
50237292
50237313
50237370
50237382
50237386
50237401
50237436
50237443
50237469
50237490
50237526
50237535
50237548
50237566
50237588
50237605
50237616
50237630
50237641
50237655
50237680
50237687
50237713
50237725
50237730
50237786
50237802
50237811
50237826
50237854
50237872
50237883
50237922
50237930
50237944
50237959
50237999
50238012
50238037
50238042
50238070
50238092
50238104
50238160
50238168
50238215
50238230
50238245
50238255
50238285
50238297
50238320
50238353
50238364
50238388
50238393
50238405
50238462
50238495
50238560
50238570
50238578
50238589
50238624
50238649
50238682
50238702
50238774
50238782
50238837
50238861
50238867
50238930
50238936
50238950
50238960
50238985
50238997
50239029
50239049
50239056
50239067
50239103
50239108
50239113
50239134
50239140
50239218
50239247
50239253
50239292
50239301
50239356
50239371
50239379
50239395
50239431
50239443
50239446
50239448
50239577
50239582
50239597
50239615
50239634
50239676
50239696
50239702
50239708
50239716
50239729
50239766
50239826
50239843
50240004
50240006
50240041
50240065
50240099
50240103
50240172
50240241
50240287
50240308
50240357
50240365
50240385
50240403
50240556
50240692
50240724
50240930
50241030
50241368
50443266
50443275
50443292
50443314
50443326
50443349
50443357
50443365
50443378
50443422
50443442
50443472
50443514
50443543
50443572
50443574
50443597
50443613
50443624
50443654
50443664
50443699
50443716
50443739
50443751
50443797
50443803
50443839
50443874
50443888
50443909
50443923
50443939
50443951
50443982
50443998
50444011
50444045
50444096
50444120
50444131
50444236
50444251
50444261
50444285
50444315
50444342
50444379
50444415
50444425
50444444
50444455
50444464
50444498
50444540
50444549
50444568
50444574
50444580
50444589
50444615
50444653
50444666
50444727
50444778
50444804
50444810
50444834
50444859
50444865
50444903
50444906
50444939
50444957
50444993
50445005
50445014
50445020
50445062
50445095
50445100
50445109
50445115
50445159
50445247
50445253
50445277
50445290
50445298
50445336
50445374
50445381
50445391
50445396
50445402
50445442
50445461
50445473
50445497
50445500
50445519
50445525
50445533
50445538
50445557
50445566
50445577
50445595
50445603
50445652
50445657
50445662
50445766
50445889
50445943
50445973
50445992
50445996
50446224
50446287
50446310
50446343
50446496
50446501
50446897
50447052
50447188
50646028
50646041
50646069
50646073
50646115
50646142
50646212
50646245
50646264
50646277
50646301
50646327
50646362
50646376
50646400
50646411
50646447
50646467
50646474
50646518
50646521
50646535
50646537
50646595
50646618
50646636
50646644
50646662
50646738
50646760
50646773
50646807
50646830
50646850
50646876
50646885
50646888
50646951
50646957
50646970
50646984
50646992
50647029
50647042
50647085
50647089
50647122
50647145
50647152
50647170
50647181
50647191
50647219
50647225
50647233
50647254
50647272
50647274
50647304
50647314
50647337
50647345
50647353
50647408
50647470
50647477
50647489
50647532
50647540
50647562
50647604
50647610
50647643
50647657
50647694
50647733
50647738
50647743
50647751
50647759
50647782
50647793
50647830
50647839
50647859
50647863
50647935
50647966
50647987
50648023
50648039
50648045
50648050
50648069
50648121
50648156
50648176
50648193
50648255
50648273
50648296
50648302
50648332
50648362
50648372
50648401
50648448
50648487
50648605
50648710
50648736
50648817
50648926
50648939
50649066
50649083
50649306
50649549
50848327
50848353
50848392
50848414
50848419
50848440
50848461
50848495
50848509
50848519
50848549
50848568
50848592
50848612
50848651
50848667
50848679
50848689
50848717
50848731
50848764
50848783
50848790
50848806
50848820
50848868
50848907
50848934
50848955
50848966
50848978
50848983
50848999
50849014
50849036
50849045
50849076
50849080
50849098
50849123
50849133
50849147
50849155
50849174
50849185
50849206
50849215
50849249
50849256
50849268
50849306
50849323
50849366
50849379
50849473
50849481
50849496
50849503
50849540
50849546
50849569
50849596
50849648
50849652
50849690
50849697
50849705
50849800
50849817
50849823
50849850
50849852
50849914
50849936
50850028
50850039
50850063
50850081
50850115
50850124
50850148
50850168
50850225
50850233
50850292
50850310
50850329
50850386
50850405
50850417
50850440
50850487
50850502
50850581
50850633
50850685
50850877
50850925
50850999
50851245
50851386
50851907
5098162
5098183
5098297
5098427
5098482
5098506
5098695
5098755
5099039
5099113
5099304
5099462
5099510
5099645
5099741
5100352
51043727
51043783
51043799
51043816
51043887
51043913
51043923
51043979
51044003
51044011
51044050
51044156
51044174
51044188
51044197
51044203
51044293
51044303
51044371
51044397
51044415
51044425
51044447
51044463
51044496
51044503
51044519
51044534
51044546
51044553
51044577
51044603
51044605
51044628
51044638
51044653
51044660
51044675
51044699
51044707
51044733
51044766
51044780
51044802
51044809
51044885
51044954
51044981
51044986
51045028
51045036
51045072
51045084
51045104
51045171
51045251
51045319
51045348
51045409
51045427
51045533
51045589
51045591
51045680
51045745
51045760
51045821
51045826
51045833
51229755
51229889
51229965
51230003
51230032
51230172
51230183
51230376
51230404
51230467
51230472
51230507
51230577
51230642
51230796
51230870
51230970
51231086
51231726
51715904
51715922
51715979
51716009
51716035
51716083
51716101
51716121
51716136
51716177
51716199
51716208
51716227
51716249
51716256
51716306
51716342
51716372
51716380
51716396
51716413
51716420
51716460
51716477
51716485
51716502
51716533
51716536
51716554
51716596
51716609
51716616
51716624
51716663
51716708
51716728
51716737
51716751
51716779
51716788
51716799
51716820
51716829
51716918
51716937
51716941
51716960
51716961
51716996
51717031
51717041
51717102
51717145
51717149
51717204
51717244
51717261
51717277
51717300
51717309
51717319
51717331
51717335
51717376
51717393
51717400
51717410
51717439
51717459
51717480
51717529
51717558
51717574
51717603
51717721
51717804
51717818
51717873
51717899
51717905
51717910
51717932
51717937
51717979
51717989
51718100
51718225
51718378
51718428
51718479
51718508
51718561
51718581
51718795
51718846
51719134
51719220
51913463
51913480
51913523
51913546
51913561
51913576
51913608
51913627
51913639
51913659
51913676
51913697
51913716
51913732
51913744
51913758
51913781
51913798
51913812
51913832
51913848
51913894
51913904
51913925
51913953
51914000
51914013
51914025
51914036
51914053
51914089
51914121
51914138
51914147
51914159
51914175
51914190
51914206
51914213
51914226
51914243
51914271
51914302
51914325
51914370
51914388
51914396
51914403
51914423
51914483
51914495
51914516
51914541
51914548
51914562
51914570
51914579
51914595
51914601
51914702
51914710
51914766
51914800
51914824
51914835
51914848
51914852
51914907
51914917
51914976
51914985
51915015
51915125
51915177
51915233
51915289
51915313
51915320
51915431
51915450
51915459
51915467
51915490
51915509
51915536
51915639
51915658
51915668
51915719
51915808
51915813
51915840
51915923
51915958
51915965
51916051
51916217
51916439
51916976
52110466
52110471
52110485
52110508
52110515
52110521
52110558
52110580
52110598
52110651
52110660
52110680
52110696
52110711
52110739
52110768
52110777
52110815
52110823
52110835
52110858
52110865
52110883
52110907
52110930
52110945
52110970
52110978
52110985
52111007
52111039
52111060
52111108
52111147
52111178
52111186
52111194
52111207
52111220
52111270
52111279
52111298
52111315
52111340
52111348
52111364
52111394
52111430
52111438
52111470
52111589
52111600
52111659
52111664
52111684
52111695
52111746
52111755
52111792
52111801
52111816
52111867
52111888
52111942
52111951
52111983
52112027
52112107
52112138
52112147
52112176
52112212
52112333
52112399
52112443
52112445
52112463
52112495
52112590
52112615
52112661
52112729
52112733
52112844
52113060
52113381
52113589
52300774
52300800
52300843
52300863
52300897
52300908
52300926
52300932
52300968
52300979
52301003
52301038
52301049
52301065
52301088
52301101
52301123
52301134
52301143
52301211
52301244
52301287
52301304
52301321
52301365
52301373
52301380
52301413
52301422
52301431
52301455
52301487
52301498
52301547
52301564
52301575
52301592
52301598
52301613
52301619
52301648
52301705
52301713
52301735
52301757
52301791
52301804
52301810
52301826
52301843
52301872
52301951
52302031
52302114
52302129
52302137
52302151
52302222
52302255
52302300
52302305
52302310
52302536
52302566
52302884
52303188
52303207
52303211
5230434
5230544
5230595
5231204
5231294
5231840
5231937
52486812
52486852
52486865
52486885
52486932
52486948
52486987
52487027
52487045
52487132
52487137
52487150
52487175
52487182
52487275
52487302
52487313
52487364
52487376
52487390
52487424
52487438
52487470
52487509
52487548
52487564
52487742
52487828
52487846
52488004
52488018
52488123
52488168
52488264
52488280
52488314
52488346
52488349
52488610
52666602
52666630
52666894
52667163
53129526
53129544
53129568
53129588
53129604
53129621
53129649
53129669
53129682
53129691
53129698
53129720
53129742
53129764
53129790
53129816
53129833
53129841
53129861
53129876
53129881
53129930
53129949
53129980
53129991
53130012
53130032
53130049
53130076
53130084
53130098
53130118
53130136
53130156
53130193
53130217
53130243
53130254
53130262
53130279
53130294
53130303
53130311
53130338
53130350
53130367
53130373
53130389
53130460
53130499
53130507
53130554
53130582
53130614
53130635
53130701
53130707
53130744
53130760
53130769
53130816
53130854
53130907
53130960
53130978
53131088
53131140
53131152
53131189
53131204
53131242
53131252
53131278
53131285
53131303
53131338
53131369
53131466
53131488
53131505
53131627
53131655
53131661
53131785
53133070
53317225
53317230
53317261
53317299
53317313
53317330
53317370
53317380
53317408
53317437
53317453
53317464
53317537
53317597
53317629
53317702
53317774
53317797
53317808
53317829
53317862
53317910
53317925
53317927
53317973
53317998
53318011
53318038
53318071
53318108
53318168
53318220
53318252
53318266
53318274
53318296
53318321
53318401
53318407
53318470
53318518
53318658
53318661
53318676
53318879
53318886
53318981
53319000
53319003
53319035
53319039
53319040
53319209
53319396
53319505
53319657
53319743
53320379
53505706
53505739
53505798
53505819
53505823
53505833
53505853
53505881
53505895
53505932
53505962
53506000
53506034
53506072
53506103
53506128
53506137
53506161
53506177
53506194
53506220
53506248
53506308
53506421
53506437
53506458
53506474
53506562
53506593
53506642
53506654
53506691
53506743
53506748
53506759
53506789
53506929
53506935
53506946
53507058
53507073
53507110
5363899
5363995
5364025
5364169
5364500
5364615
5364935
5365045
5365371
53686822
53686826
53686838
53686850
53686962
53686989
53686999
53687048
53687101
53687185
53687226
53687326
53687390
53687439
53687535
53687565
53687611
53687675
53687727
53687781
53687859
53687988
53687996
53688019
53688037
53688140
53688146
53688221
53688326
53688363
53688450
53688900
537544
537694
537791
537867
538056
538156
538243
538322
538342
538380
538421
538619
539110
539133
54136340
54136443
54136519
54136550
54136610
54136644
54136676
54136754
54136813
54136886
54136949
54137022
54137061
54137176
54137252
54137355
54137478
54137524
54137573
54138050
54310594
54310735
54310780
54310800
54310828
54310899
54310974
54311019
54311430
54311505
54311623
54311815
54311908
54485270
54485490
54485555
54485713
55120213
55120242
55120261
55120300
55120314
55120324
55120334
55120363
55120429
55120433
55120493
55120542
55120560
55120590
55120619
55120654
55120688
55120724
55120734
55120743
55120784
55120798
55120818
55120849
55120858
55120875
55120904
55120916
55120945
55120975
55120999
55121027
55121036
55121044
55121108
55121113
55121207
55121275
55121291
55121300
55121348
55121362
55121419
55121425
55121443
55121480
55121489
55121665
55121788
55121963
55121966
55121975
55122521
55307141
55307174
55307197
55307211
55307238
55307285
55307320
55307348
55307360
55307417
55307454
55307458
55307497
55307512
55307600
55307624
55307657
55307673
55307682
55307711
55307744
55307864
55307890
55307910
55307936
55307982
55308001
55308069
55308163
55308200
55308204
55308219
55308279
55308318
55308467
55308763
55308945
55309013
55309180
55487863
55487895
55487932
55487946
55487983
55487993
55488012
55488043
55488070
55488077
55488092
55488123
55488150
55488158
55488239
55488268
55488311
55488331
55488378
55488426
55488507
55488549
55488571
55488587
55488626
55488638
55488842
55488932
55488950
55489041
55493189
55669514
55669540
55669583
55669585
55669631
55669659
55669675
55669696
55669756
55669790
55669802
55669815
55669828
55669847
55669882
55669917
55669944
55669969
55669977
55669992
55670005
55670015
55670022
55670120
55670132
55670199
55670280
55670293
55670361
55670406
55670410
55670490
55670513
55670519
55670667
55670672
55670781
55670804
55670831
55670992
55671004
55675023
55843290
55843301
55843340
55843428
55843437
55843451
55843467
55843639
55843672
55843737
55843786
55844001
55844220
56150319
56150382
56150389
56150417
56150444
56150460
56150489
56150504
56150520
56150538
56150609
56150617
56150654
56150670
56150688
56150700
56150708
56150739
56150749
56150761
56150766
56150780
56150825
56150832
56150850
56150898
56150921
56150995
56151016
56151030
56151079
56151089
56151128
56151181
56151209
56151221
56151224
56151252
56151290
56151310
56151388
56151391
56151473
56151477
56151490
56151502
56151513
56151526
56151578
56151595
56151603
56151627
56151641
56151657
56151709
56152047
56152100
56152132
56152137
56152313
56152341
56152519
56336574
56336590
56336596
56336607
56336636
56336644
56336649
56336703
56336724
56336744
56336757
56336819
56336847
56336853
56336861
56336931
56336952
56336966
56336976
56336990
56337054
56337058
56337090
56337102
56337295
56337307
56337330
56337344
56337427
56337438
56337459
56337485
56337497
56337531
56337554
56337576
56337614
56337658
56337684
56337825
56337938
56337981
56338003
56338013
56338016
56338073
56338102
56338148
56338165
56338216
56338317
56338439
56338522
56338529
56338558
56338574
56338577
56338684
56338762
56338828
56339081
56339282
56521067
56521079
56521105
56521191
56521220
56521227
56521258
56521297
56521323
56521332
56521353
56521371
56521462
56521480
56521507
56521517
56521525
56521539
56521574
56521615
56521654
56521669
56521727
56521734
56521761
56521768
56521776
56521852
56521909
56521960
56521973
56521984
56522054
56522121
56522286
56522294
56522306
56522439
56522469
56522487
56522499
56522550
56522571
56522882
56697789
56697791
56697820
56697873
56697880
56697893
56697942
56697956
56697973
56697976
56698002
56698056
56698062
56698140
56698179
56698225
56698316
56698326
56698328
56698346
56698362
56698505
56698601
56698662
56698687
56698713
56698798
56699203
56703241
56866081
56866166
56866285
56866335
56866483
56866648
56866681
56866730
56867242
57029977
57321045
57321063
57321125
57321136
57321154
57321167
57321199
57321217
57321223
57321247
57321262
57321268
57321321
57321331
57321343
57321390
57321403
57321425
57321492
57321506
57321517
57321539
57321608
57321637
57321648
57321653
57321678
57321719
57321763
57321782
57321840
57322077
57322127
57322427
57324155
57326331
57499279
57499297
57499316
57499334
57499343
57499390
57499460
57499582
57499602
57499618
57499625
57499703
57499725
57499751
57499754
57499801
57499810
57499818
57499828
57499836
57499995
57500007
57500014
57500026
57500037
57500058
57500071
57500086
57500131
57500184
57500205
57500254
57500264
57500274
57500296
57500364
57500379
57500407
57500424
57500443
57500595
57500607
57500623
57500720
57500724
57500929
57500996
57501018
57501076
57501078
57501084
57501336
57501931
57676905
57676939
57676950
57676986
57677002
57677032
57677202
57677224
57677265
57677287
57677496
57677534
57677586
57677610
57677647
57677748
57677758
57677827
57677932
57678013
57852137
57852170
57852233
57852248
57852260
57852282
57852318
57852411
57852689
57852752
57852759
57852842
57852851
57852971
57853126
57853240
58017906
58321806
58321840
58321889
58321955
58322031
58322046
58322088
58322105
58322178
58322185
58322193
58322217
58322251
58322282
58322323
58322436
58322471
58322490
58322515
58322559
58322647
58322707
58322793
58322936
58323163
58494570
58494588
58494665
58494685
58494715
58494732
58494751
58494772
58494799
58494840
58494877
58494886
58494916
58494924
58494968
58494977
58495060
58495072
58495236
58495349
58495404
58495572
58495583
58495592
58495608
58495670
58495887
58495901
58496012
58667885
58667903
58667916
58668011
58668067
58668158
58668187
58668251
58668280
58668290
58668294
58668327
58668382
58668449
58668523
58668544
58668589
58668597
58668639
58668717
58668788
58668819
58668923
58836013
58836052
58836095
58836138
58836157
58836325
58836329
58836388
58836415
59133693
59133720
59133759
59133798
59133820
59133859
59133925
59134127
59134314
59134317
59134350
59134380
59134411
59134428
59134483
59134535
59134571
59134764
59134877
59299497
59299660
59994480
59994492
59994682
59994694
59994725
59994730
59994765
59994796
59994839
59994906
59994915
59995014
59995168
59995265
59995322
59995452
59995495
59995570
59995580
59995666
59995748
59995784
59995962
59996037
59996048
59996062
59996137
59996163
59996192
59996250
59996306
59996353
59996384
59996402
59996471
59996536
59996601
59996637
59996649
59996670
59996688
59996720
59996775
59996797
59996826
59996953
59997006
59997013
59997039
59997081
59997101
59997211
59997223
59997248
59997277
59997338
59997348
59997358
59997400
59997502
59997575
59997682
59997774
59997934
59998038
59998219
59998237
59998258
59998356
59998380
59998412
59998419
59998445
59998503
59998525
59998554
59998584
59998630
59998639
59998669
59998747
59998813
59998896
59999001
59999092
59999108
59999168
59999214
59999323
59999345
59999511
59999532
59999603
59999615
59999736
59999931
60000012
60210460
60210466
60210485
60210633
60210679
60210702
60210709
60210739
60210934
60210958
60210981
60211068
60211207
60211285
60211326
60211451
60211477
60211528
60211546
60211654
60211687
60211753
60211892
60212037
60212062
60212080
60212168
60212267
60212358
60212374
60212400
60212496
60212691
60212765
60212796
60212868
60212875
60213101
60213138
60213200
60213250
60213259
60213306
60213463
60213471
60213637
60213731
60213837
60213876
60213892
60213920
60213941
60213949
60213972
60214016
60214034
60214075
60214101
60214173
60214176
60214222
60214260
60214317
60214353
60214372
60214448
60214515
60214543
60214662
60214680
60214753
60214818
60215075
60215265
60215304
60215311
60215521
60215544
60215606
60215734
60215898
60216313
60216328
60425277
60425372
60425391
60425510
60425523
60425549
60425703
60425719
60425815
60425830
60425992
60426053
60426145
60426176
60426191
60426220
60426245
60426381
60426548
60426608
60426619
60426662
60426884
60426892
60426907
60426917
60426943
60426970
60426981
60427002
60427067
60427149
60427225
60427270
60427360
60427568
60427622
60427642
60427662
60427722
60427821
60427867
60427945
60427950
60427999
60428008
60428198
60428215
60428284
60428335
60428342
60428351
60428397
60428407
60428482
60428512
60428566
60428615
60428639
60428795
60428873
60428973
60428983
60429007
60429122
60429179
60429252
60429281
60429298
60429330
60429486
60429507
60429535
60429596
60429964
60430008
6166536
6166672
6166718
6166888
6167023
6167075
6167109
6167128
6167224
6167242
6167295
6167334
6167377
6167406
6167494
6167565
6167638
6167674
6167787
6167828
6167980
6168082
6168182
6168217
6168389
6168439
6168589
6168641
6168695
6168769
6168963
6169130
6169370
6300193
6300240
6300267
6300323
6300408
6300418
6300481
6300525
6300629
6300667
6300708
6300758
6300806
6300828
6300899
6300940
6301007
6301024
6301045
6301104
6301180
6301213
6301270
6301296
6301447
6301472
6301595
6301683
6301698
6301718
6301782
6301985
6302070
6302375
635
6569692
6569778
6569846
6569870
6569906
6570003
6570099
6570127
6570188
6570300
6570338
6570414
6570444
6570551
6570580
6570606
6570728
6570758
6570773
6570853
6571049
6571064
6571166
6571214
6571250
6571312
6571336
6571409
6571973
6704130
6704194
6704218
6704315
6704391
6704483
6704508
6704594
6704697
6704726
6704787
6704817
6704907
6704980
6705010
6705061
6705084
6705235
6705279
6705353
6705376
6705386
6705478
6705657
6705713
6705757
6705776
6705799
6705860
6705943
6706120
671195
671850
672119
672227
672357
6839288
6839392
6839451
6839502
6839555
6839694
6839813
6839930
6839970
6840055
6840110
6840192
6840292
6840371
6840450
6840514
6840525
6840586
6840609
6840734
6840793
6840855
6840919
6840943
6841040
6841120
6841673
6842435
7111109
7111233
7111329
7111412
7111523
7111617
7111686
7111725
7111806
7111839
7111901
7111955
7112000
7112039
7112064
7112155
7112248
7112272
7112312
7112357
7112398
7112420
7112482
7112519
7112707
7112750
7112772
7112855
7112917
7112983
7112995
7113052
7113092
7113109
7113134
7113258
7113315
7113408
7113545
7113586
7113859
7114018
7114242
7244477
7244518
7244687
7244764
7244859
7244898
7244943
7245040
7245069
7245187
7245330
7245384
7245566
7245672
7245726
7245775
7246224
7246441
7246580
7246721
7246834
7380642
7380879
7380967
7381330
7381581
8313757
8313774
8313888
8313942
8313979
8314077
8314137
8314163
8314236
8314328
8314487
8314550
8314599
8314653
8314706
8314837
8314891
8314954
8315093
8315177
8315480
8315608
8315696
8316004
8448456
8448506
8448578
8448634
8448653
8448729
8448829
8448889
8448974
8449030
8449052
8449179
8449196
8449317
8449371
8449501
8449525
8449663
8450185
850
8582748
8582842
8583013
8583236
8583324
8583719
8583772
8583880
8583896
8583956
8717057
893
9247652
9247901
9247953
9248016
9248030
9248093
9248197
9248227
9248663
9248800
9249000
934
9381878
9382950
9383332
9383396
