name                  z_l      xray_ra    xray_dec        bcg_ra	bcg_dec    altname           lensing_ra lensing_dec sz_ra sz_dec
SPT-CLJ0000-5748     0.702      0.2500	 -57.8093         0.2502467    -57.809332  SPT-CLJ0000-5748  0.25195 -57.80875    0.2499   -57.8064  
SPT-CLJ0102-4915     0.870	15.7340	 -49.2656         15.740741    -49.272004  SPT-CLJ0102-4915  15.71743 -49.25458   15.7294  -49.2611 
SPT-CLJ0533-5005     0.881	83.4060	 -50.0965         83.414410    -50.084480  SPT-CLJ0533-5005  83.39772 -50.09984   83.4009  -50.0901 
SPT-CLJ0546-5345     1.066	86.6548	 -53.7590         86.656927    -53.758617  SPT-CLJ0546-5345  86.65396 -53.75861   86.6525  -53.7625 
SPT-CLJ0559-5249     0.609	89.9329	 -52.8266         89.930095    -52.824148  SPT-CLJ0559-5249  89.92875 -52.82297   89.9251  -52.8260 
SPT-CLJ0615-5746     0.972	93.9570  -57.7780         93.965604    -57.780239  SPT-CLJ0615-5746  93.96339 -57.77860   93.9650  -57.7763 
SPT-CLJ2040-5726     0.930	310.0631 -57.4287         310.05522    -57.42087   SPT-CLJ2040-5725  310.06389 -57.42232  310.0573 -57.4295
SPT-CLJ2106-5844     1.132	316.5179 -58.7426         316.51922    -58.741089  SPT-CLJ2106-5844  316.52210 -58.74336  316.5206 -58.7451
SPT-CLJ2331-5051     0.576	352.9634 -50.8649         352.96307    -50.865     SPT-CLJ2331-5051  352.96521 -50.86360  352.9608 -50.8639
SPT-CLJ2337-5942     0.775	354.3523 -59.7056         354.36504    -59.701313  SPT-CLJ2337-5942  354.35384 -59.70819  354.3523 -59.7049
SPT-CLJ2341-5119     1.003	355.3000 -51.3287         355.30144    -51.329061  SPT-CLJ2341-5119  355.30057 -51.33015  355.2991 -51.3281
SPT-CLJ2342-5411     1.075	355.6916 -54.1849         355.6913    -54.18475    SPT-CLJ2342-5411  355.69305 -54.18043  355.6892 -54.1856
SPT-CLJ2359-5009     0.775	359.9327 -50.1697         359.9324    -50.172204   SPT-CLJ2359-5009  359.93213 -50.16822  359.9230 -50.1649







