0.027938 0.001400 0.421410 1.000000
0.186291 0.007508 0.642000 1.000000
0.117822 0.004506 0.730000 1.000000
0.114544 0.005695 0.427000 1.000000
0.049992 0.002528 0.415000 1.000000
0.147190 0.005566 0.752000 1.000000
0.244757 0.008439 1.026300 1.000000
0.101010 0.004604 0.498492 1.000000
0.037182 0.001550 0.596000 1.000000
0.144442 0.006796 0.470300 1.000000
0.139550 0.009051 0.283600 1.000000
0.122262 0.005835 0.458410 1.000000
0.164044 0.005885 0.881000 1.000000
0.120912 0.004615 0.733560 1.000000
0.045394 0.001550 1.075000 1.000000
0.119916 0.006830 0.343200 1.000000
0.023347 0.000985 0.581050 1.000000
0.154604 0.006176 0.655277 1.000000
0.170073 0.010731 0.295000 1.000000
0.207242 0.008649 0.594300 1.000000
0.080522 0.004462 0.358000 1.000000
0.226453 0.007598 1.185760 1.000000
0.016248 0.000697 0.561539 1.000000
0.102725 0.005375 0.392190 1.000000
0.109608 0.005343 0.441730 1.000000
0.089647 0.003958 0.529800 1.000000
0.242932 0.012145 0.423000 1.000000
0.185513 0.006198 1.220872 1.000000
0.085111 0.003512 0.609000 1.000000
0.083373 0.003413 0.620000 1.000000
0.110299 0.004422 0.650000 1.000000
0.073349 0.002848 0.701900 1.000000
0.084340 0.005540 0.278600 1.000000
0.114612 0.004367 0.736900 1.000000
0.063965 0.002531 0.670000 1.000000
0.191635 0.008915 0.480000 1.000000
0.056824 0.003195 0.350000 1.000000
0.011982 0.000520 0.547261 1.000000
0.077914 0.003289 0.580000 1.000000
0.095748 0.003674 0.723400 1.000000
0.145009 0.004991 1.034672 1.000000
0.277758 0.013923 0.421116 1.000000
0.090635 0.004002 0.529730 1.000000
0.188566 0.008169 0.550000 1.000000
0.024950 0.001161 0.480000 1.000000
0.322791 0.013627 0.580000 1.000000
0.107401 0.003931 0.826128 1.000000
0.089830 0.003435 0.730000 1.000000
0.072056 0.002554 0.918696 1.000000
0.051387 0.001781 1.003000 1.000000
0.085912 0.004292 0.423513 1.000000
0.269152 0.009059 1.162352 1.000000
0.125345 0.004847 0.709296 1.000000
0.121553 0.004449 0.826128 1.000000
0.197366 0.007383 0.775000 1.000000
0.366815 0.013209 0.870080 1.000000
0.045529 0.002569 0.348114 1.000000
0.119366 0.004036 1.132000 1.000000
0.277261 0.011948 0.555950 1.000000
0.116357 0.006648 0.341600 1.000000
0.103288 0.005289 0.406400 1.000000
0.070149 0.002921 0.597129 1.000000
0.110804 0.004237 0.730000 1.000000
0.115211 0.005096 0.527950 1.000000
0.121563 0.004562 0.767800 1.000000
0.143030 0.005813 0.630000 1.000000
0.136279 0.004660 1.066280 1.000000
0.118750 0.004412 0.790000 1.000000
0.047444 0.002018 0.571000 1.000000
0.151927 0.005640 0.792000 1.000000
1.075670 0.045562 0.576000 1.000000
0.057405 0.002654 0.485344 1.000000
0.229292 0.008806 0.721856 1.000000
0.023720 0.000837 0.933000 1.000000
0.031854 0.001765 0.358200 1.000000
0.106086 0.003741 0.936784 1.000000
0.076573 0.003065 0.652148 1.000000
0.111424 0.004168 0.775000 1.000000
0.360816 0.015241 0.579360 1.000000
0.077936 0.005131 0.277680 1.000000
0.045641 0.002172 0.460720 1.000000
0.119960 0.004857 0.635236 1.000000
0.130956 0.004957 0.750000 1.000000
