0.004404
0.091189
0.014714
0.010269
0.002093
0.050292
0.002855
0.007274
0.093703
0.240303
0.284301
0.140556
0.007244
0.005110
0.285438
0.003945
0.003094
0.191280
0.002890
0.035969
0.122619
0.022840
0.004863
0.007996
0.006131
0.470744
0.357576
0.058466
0.007560
0.003970
0.009438
0.149855
0.074498
0.011720
0.011239
0.105211
0.102333
0.030330
0.006515
0.003000
0.039412
0.091078
0.018251
0.006078
0.072854
0.004177
0.010238
0.004247
0.002800
0.003137
0.094751
0.001440
0.002322
0.013514
0.013389
0.004605
0.005651
0.026991
0.018551
0.015784
0.002530
0.036888
0.001227
0.125542
0.008894
0.023834
0.029903
0.021853
0.002799
0.097525
0.006850
0.006680
0.006488
0.242544
0.029728
0.002162
0.076334
0.005466
0.007016
0.017681
0.006198
0.007476
0.006496
0.002731
0.016265
0.019276
0.474965
0.005706
0.052144
0.007125
0.011314
0.115885
0.025561
0.075921
0.008028
0.105319
0.011914
0.314990
0.023863
0.025462
0.002285
0.004845
0.005462
0.010718
0.005395
0.035067
0.005644
0.008596
0.057924
0.021183
0.013934
0.020250
0.161884
0.002273
0.046558
0.024259
0.001651
0.036669
0.007485
0.004819
0.129709
0.010873
0.002594
0.035229
0.002645
0.000131
0.008463
0.008892
0.121550
0.001591
0.203756
0.164806
0.010857
3.060413
0.152537
0.020600
0.052832
0.008403
0.022963
0.000075
0.050274
0.279685
0.115550
0.694242
0.012895
0.074111
1.192697
0.174950
0.097900
0.029207
0.071056
0.013048
0.000205
0.004163
0.015689
0.034078
0.061078
0.009480
0.029986
0.008650
0.060368
0.025837
0.012105
0.002279
0.013508
0.007504
0.003000
0.001738
0.005645
0.046340
0.002656
0.011517
0.526006
0.975801
0.021274
1.325054
0.136818
0.021060
0.054851
0.041875
0.127639
0.123054
0.017246
1.366366
0.014165
0.325668
0.008645
0.008283
0.014404
0.051236
