         2        47   0.10000000E+00   0.23000000E+00   0.77000000E+00   0.83000000E+00   0.10000000E+01  ---------------  ---------------  ---------------  ---------------      0.72000000E+00                                 
   0.10000000E+00   0.10000000E+08   0.21655251E+02   0.29571980E+14   0.43219227E-02   0.31549807E+01   0.89232786E+06   0.11561786E+17   0.19957850E-03   0.43857164E+01   0.88548872E+07   0.16450443E+02   0.59733824E+14   0.10910113E+08   0.26815092E+02   0.16992664E+14   0.92247702E+10
   0.10000000E+00   0.15848932E+08   0.21176970E+02   0.29571980E+14   0.50389919E-02   0.36784374E+01   0.14276902E+07   0.10915314E+17   0.23794678E-03   0.50805681E+01   0.14018551E+08   0.16081192E+02   0.59733824E+14   0.17304160E+08   0.26229317E+02   0.16992664E+14   0.92247702E+10
   0.10000000E+00   0.25118864E+08   0.20694143E+02   0.29571980E+14   0.58750332E-02   0.42887432E+01   0.22851263E+07   0.10286398E+17   0.28389836E-03   0.58844905E+01   0.22192199E+08   0.15708483E+02   0.59733824E+14   0.27446471E+08   0.25637908E+02   0.16992664E+14   0.92247702E+10
   0.10000000E+00   0.39810717E+08   0.20208422E+02   0.29571980E+14   0.68497858E-02   0.50003074E+01   0.36588850E+07   0.96773572E+16   0.33895698E-03   0.68145517E+01   0.35129731E+08   0.15333597E+02   0.59733824E+14   0.43534853E+08   0.25042888E+02   0.16992664E+14   0.92247702E+10
   0.10000000E+00   0.63095734E+08   0.19715639E+02   0.29571980E+14   0.79862639E-02   0.58299304E+01   0.58613833E+07   0.90832957E+16   0.40507255E-03   0.78898521E+01   0.55605791E+08   0.14953317E+02   0.59733824E+14   0.69056838E+08   0.24439148E+02   0.16992664E+14   0.92247702E+10
   0.10000000E+00   0.10000000E+09   0.19224279E+02   0.29571980E+14   0.93113001E-02   0.67971999E+01   0.93928136E+07   0.85144508E+16   0.48435108E-03   0.91338299E+01   0.88012320E+08   0.14574195E+02   0.59733824E+14   0.10954471E+09   0.23837105E+02   0.16992664E+14   0.92247702E+10
   0.10000000E+00   0.15848932E+09   0.18735321E+02   0.29571980E+14   0.10856179E-01   0.79249532E+01   0.15056838E+08   0.79712785E+16   0.57944985E-03   0.10572901E+02   0.13929820E+09   0.14196992E+02   0.59733824E+14   0.17377619E+09   0.23237935E+02   0.16992664E+14   0.92247702E+10
   0.10000000E+00   0.25118864E+09   0.18246591E+02   0.29571980E+14   0.12657375E-01   0.92398171E+01   0.24146016E+08   0.74507759E+16   0.69368438E-03   0.12237057E+02   0.22045610E+09   0.13820035E+02   0.59733824E+14   0.27568028E+09   0.22638968E+02   0.16992664E+14   0.92247702E+10
   0.10000000E+00   0.39810717E+09   0.17758348E+02   0.29571980E+14   0.14757416E-01   0.10772836E+02   0.38738173E+08   0.69527655E+16   0.83101291E-03   0.14161227E+02   0.34887479E+09   0.13443503E+02   0.59733824E+14   0.43735822E+09   0.22040492E+02   0.16992664E+14   0.92247702E+10
   0.10000000E+00   0.63095734E+09   0.17271975E+02   0.29571980E+14   0.17205884E-01   0.12560204E+02   0.62174284E+08   0.64780989E+16   0.99617352E-03   0.16386006E+02   0.55206677E+09   0.13068505E+02   0.59733824E+14   0.69388734E+09   0.21444272E+02   0.16992664E+14   0.92247702E+10
   0.10000000E+00   0.10000000E+10   0.16787362E+02   0.29571980E+14   0.20060588E-01   0.14644123E+02   0.99832734E+08   0.60260280E+16   0.11949815E-02   0.18957938E+02   0.87353762E+09   0.12694912E+02   0.59733824E+14   0.11009252E+10   0.20850096E+02   0.16992664E+14   0.92247702E+10
   0.10000000E+00   0.15848932E+10   0.16303965E+02   0.29571980E+14   0.23388928E-01   0.17073794E+02   0.16037801E+09   0.55954537E+16   0.14345546E-02   0.21930527E+02   0.13821090E+10   0.12322364E+02   0.59733824E+14   0.17468272E+10   0.20257361E+02   0.16992664E+14   0.92247702E+10
   0.10000000E+00   0.25118864E+10   0.15820211E+02   0.29571980E+14   0.27269489E-01   0.19906582E+02   0.25778701E+09   0.51845206E+16   0.17237121E-02   0.25364912E+02   0.21865618E+10   0.11949586E+02   0.59733824E+14   0.27718201E+10   0.19664078E+02   0.16992664E+14   0.92247702E+10
   0.10000000E+00   0.39810717E+10   0.15338048E+02   0.29571980E+14   0.31793889E-01   0.23209371E+02   0.41458529E+09   0.47944079E+16   0.20728771E-02   0.29332925E+02   0.34589587E+10   0.11578135E+02   0.59733824E+14   0.43985101E+10   0.19072675E+02   0.16992664E+14   0.92247702E+10
   0.10000000E+00   0.63095734E+10   0.14857495E+02   0.29571980E+14   0.37068954E-01   0.27060140E+02   0.66714496E+09   0.44245366E+16   0.24949665E-02   0.33916650E+02   0.54712858E+10   0.11208017E+02   0.59733824E+14   0.69802610E+10   0.18483142E+02   0.16992664E+14   0.92247702E+10
   0.10000000E+00   0.10000000E+11   0.14378403E+02   0.29571980E+14   0.43219227E-01   0.31549807E+02   0.10742392E+10   0.40742130E+16   0.30058434E-02   0.39210514E+02   0.86534295E+10   0.10839105E+02   0.59733824E+14   0.11078131E+11   0.17895306E+02   0.16992664E+14   0.92247702E+10
   0.10000000E+00   0.15848932E+11   0.13900651E+02   0.29571980E+14   0.50389919E-01   0.36784374E+02   0.17309295E+10   0.37427906E+16   0.36250044E-02   0.45323206E+02   0.13684782E+11   0.10471312E+02   0.59733824E+14   0.17582989E+11   0.17309014E+02   0.16992664E+14   0.92247702E+10
   0.10000000E+00   0.25118864E+11   0.13424708E+02   0.29571980E+14   0.58750332E-01   0.42887432E+02   0.27910758E+10   0.34300221E+16   0.43762839E-02   0.52380335E+02   0.21638891E+11   0.10105005E+02   0.59733824E+14   0.27909518E+11   0.16724838E+02   0.16992664E+14   0.92247702E+10
   0.10000000E+00   0.39810717E+11   0.12950295E+02   0.29571980E+14   0.68497858E-01   0.50003074E+02   0.45041009E+10   0.31351466E+16   0.52892895E-02   0.60525807E+02   0.34211683E+11   0.97399746E+01   0.59733824E+14   0.44304585E+11   0.16142428E+02   0.16992664E+14   0.92247702E+10
   0.10000000E+00   0.63095734E+11   0.12477991E+02   0.29571980E+14   0.79862639E-01   0.58299304E+02   0.72745804E+10   0.28579373E+16   0.64002804E-02   0.69926160E+02   0.54081961E+11   0.93766742E+01   0.59733824E+14   0.70337040E+11   0.15562487E+02   0.16992664E+14   0.92247702E+10
   0.10000000E+00   0.10000000E+12   0.12007625E+02   0.29571980E+14   0.93113001E-01   0.67971999E+02   0.11759959E+11   0.25976936E+16   0.77544896E-02   0.80772124E+02   0.85479981E+11   0.90149905E+01   0.59733824E+14   0.11167700E+12   0.14984813E+02   0.16992664E+14   0.92247702E+10
   0.10000000E+00   0.15848932E+12   0.11540067E+02   0.29571980E+14   0.10856179E+00   0.79249532E+02   0.19029200E+11   0.23542702E+16   0.94073794E-02   0.93284854E+02   0.13508331E+12   0.86555684E+01   0.59733824E+14   0.17733320E+12   0.14410465E+02   0.16992664E+14   0.92247702E+10
   0.10000000E+00   0.25118864E+12   0.11075233E+02   0.29571980E+14   0.12657375E+00   0.92398171E+02   0.30824196E+11   0.21269688E+16   0.11428541E-01   0.10771735E+03   0.21343188E+12   0.82983672E+01   0.59733824E+14   0.28162183E+12   0.13839315E+02   0.16992664E+14   0.92247702E+10
   0.10000000E+00   0.39810717E+12   0.10613703E+02   0.29571980E+14   0.14757416E+00   0.10772836E+03   0.49986176E+11   0.19154087E+16   0.13904117E-01   0.12436222E+03   0.33715650E+12   0.79438457E+01   0.59733824E+14   0.44729965E+12   0.13272093E+02   0.16992664E+14   0.92247702E+10
   0.10000000E+00   0.63095734E+12   0.10155546E+02   0.29571980E+14   0.17205884E+00   0.12560204E+03   0.81159692E+11   0.17189412E+16   0.16942352E-01   0.14355507E+03   0.53248336E+12   0.75920430E+01   0.59733824E+14   0.71054809E+12   0.12708884E+02   0.16992664E+14   0.92247702E+10
   0.10000000E+00   0.10000000E+13   0.97009243E+01   0.29571980E+14   0.20060588E+00   0.14644123E+03   0.13195096E+12   0.15369605E+16   0.20679048E-01   0.16568234E+03   0.84076424E+12   0.72431012E+01   0.59733824E+14   0.11289000E+13   0.12149859E+02   0.16992664E+14   0.92247702E+10
   0.10000000E+00   0.15848932E+13   0.92514316E+01   0.29571980E+14   0.23388928E+00   0.17073794E+03   0.21482472E+12   0.13693734E+16   0.25281415E-01   0.19119505E+03   0.13271716E+13   0.68982353E+01   0.59733824E+14   0.17938569E+13   0.11596970E+02   0.16992664E+14   0.92247702E+10
   0.10000000E+00   0.25118864E+13   0.88075298E+01   0.29571980E+14   0.27269489E+00   0.19906582E+03   0.35027020E+12   0.12155598E+16   0.30961562E-01   0.22061009E+03   0.20943840E+13   0.65578215E+01   0.59733824E+14   0.28509989E+13   0.11050776E+02   0.16992664E+14   0.92247702E+10
   0.10000000E+00   0.39810717E+13   0.83683254E+01   0.29571980E+14   0.31793889E+00   0.23209371E+03   0.57208981E+12   0.10744610E+16   0.37993132E-01   0.25451581E+03   0.33040499E+13   0.62211994E+01   0.59733824E+14   0.45321056E+13   0.10510214E+02   0.16992664E+14   0.92247702E+10
   0.10000000E+00   0.63095734E+13   0.79366125E+01   0.29571980E+14   0.37068954E+00   0.27060140E+03   0.93596319E+12   0.94618287E+15   0.46706266E-01   0.29361417E+03   0.52106017E+13   0.58904865E+01   0.59733824E+14   0.72059690E+13   0.99786613E+01   0.16992664E+14   0.92247702E+10
   0.10000000E+00   0.10000000E+14   0.75112957E+01   0.29571980E+14   0.43219227E+00   0.31549807E+03   0.15342717E+13   0.82957878E+15   0.57538977E-01   0.33869226E+03   0.82140798E+13   0.55648636E+01   0.59733824E+14   0.11460231E+14   0.94547988E+01   0.16992664E+14   0.92247702E+10
   0.10000000E+00   0.15848932E+14   0.70950068E+01   0.29571980E+14   0.50389919E+00   0.36784374E+03   0.25199424E+13   0.72453579E+15   0.71021664E-01   0.39069251E+03   0.12943595E+14   0.52463567E+01   0.59733824E+14   0.18230694E+14   0.89418394E+01   0.16992664E+14   0.92247702E+10
   0.10000000E+00   0.25118864E+14   0.66870286E+01   0.29571980E+14   0.58750332E+00   0.42887432E+03   0.41480335E+13   0.63001744E+15   0.87857157E-01   0.45067945E+03   0.20386593E+14   0.49344046E+01   0.59733824E+14   0.29009406E+14   0.84388985E+01   0.16992664E+14   0.92247702E+10
   0.10000000E+00   0.39810717E+14   0.62888808E+01   0.29571980E+14   0.68497858E+00   0.50003074E+03   0.68438076E+13   0.54554260E+15   0.10891900E+00   0.51991492E+03   0.32093982E+14   0.46302161E+01   0.59733824E+14   0.46175642E+14   0.79478682E+01   0.16992664E+14   0.92247702E+10
   0.10000000E+00   0.63095734E+14   0.59022339E+01   0.29571980E+14   0.79862639E+00   0.58299304E+03   0.11318354E+14   0.47059066E+15   0.13530917E+00   0.59987839E+03   0.50497281E+14   0.43350333E+01   0.59733824E+14   0.73523317E+14   0.74707538E+01   0.16992664E+14   0.92247702E+10
   0.10000000E+00   0.10000000E+15   0.55297924E+01   0.29571980E+14   0.93113001E+00   0.67971999E+03   0.18760908E+14   0.40475397E+15   0.16838426E+00   0.69232717E+03   0.79411668E+14   0.40509507E+01   0.59733824E+14   0.11710709E+15   0.70109391E+01   0.16992664E+14   0.92247702E+10
   0.10000000E+00   0.15848932E+15   0.51787112E+01   0.29571980E+14   0.10856179E+01   0.79249532E+03   0.31142567E+14   0.34820119E+15   0.20963090E+00   0.79943794E+03   0.12483110E+15   0.37834034E+01   0.59733824E+14   0.18657110E+15   0.65772264E+01   0.16992664E+14   0.92247702E+10
   0.10000000E+00   0.25118864E+15   0.48628848E+01   0.29571980E+14   0.12657375E+01   0.92398171E+03   0.51656787E+14   0.30173113E+15   0.26028532E+00   0.92400444E+03   0.19622700E+15   0.35429656E+01   0.59733824E+14   0.29724074E+15   0.61868522E+01   0.16992664E+14   0.92247702E+10
   0.10000000E+00   0.39810717E+15   0.45979232E+01   0.29571980E+14   0.14757416E+01   0.10772836E+04   0.85338992E+14   0.26585414E+15   0.32095830E+00   0.10695095E+04   0.30864045E+15   0.33414325E+01   0.59733824E+14   0.47337004E+15   0.58591545E+01   0.16992664E+14   0.92247702E+10
   0.10000000E+00   0.63095734E+15   0.43915250E+01   0.29571980E+14   0.17205884E+01   0.12560204E+04   0.14002872E+15   0.23981369E+15   0.39179748E+00   0.12399750E+04   0.48601360E+15   0.31845753E+01   0.59733824E+14   0.75330896E+15   0.56037581E+01   0.16992664E+14   0.92247702E+10
   0.10000000E+00   0.10000000E+16   0.42420562E+01   0.29571980E+14   0.20060588E+01   0.14644123E+04   0.22790802E+15   0.22197273E+15   0.47289774E+00   0.14398969E+04   0.76643819E+15   0.30710637E+01   0.59733824E+14   0.11976893E+16   0.54187293E+01   0.16992664E+14   0.92247702E+10
   0.10000000E+00   0.15848932E+16   0.41416881E+01   0.29571980E+14   0.23388928E+01   0.17073794E+04   0.36798732E+15   0.21046302E+15   0.56471970E+00   0.16743073E+04   0.12104506E+16   0.29948824E+01   0.59733824E+14   0.19024337E+16   0.52944421E+01   0.16992664E+14   0.92247702E+10
   0.10000000E+00   0.25118864E+16   0.40792818E+01   0.29571980E+14   0.27269489E+01   0.19906582E+04   0.59018905E+15   0.20349467E+15   0.66848750E+00   0.19488757E+04   0.19140951E+16   0.29475300E+01   0.59733824E+14   0.30194436E+16   0.52171380E+01   0.16992664E+14   0.92247702E+10
   0.10000000E+00   0.39810717E+16   0.40429073E+01   0.29571980E+14   0.31793889E+01   0.23209371E+04   0.94199511E+15   0.19949902E+15   0.78641154E+00   0.22700456E+04   0.30295684E+16   0.29199409E+01   0.59733824E+14   0.47895787E+16   0.51720875E+01   0.16992664E+14   0.92247702E+10
   0.10000000E+00   0.63095734E+16   0.40227071E+01   0.29571980E+14   0.37068954E+01   0.27060140E+04   0.14988672E+16   0.19730096E+15   0.92149272E+00   0.26452750E+04   0.47978672E+16   0.29046102E+01   0.59733824E+14   0.75945573E+16   0.51470558E+01   0.16992664E+14   0.92247702E+10
   0.10000000E+00   0.10000000E+17   0.40118756E+01   0.29571980E+14   0.43219227E+01   0.31549807E+04   0.23806056E+16   0.19612846E+15   0.10772823E+01   0.30832885E+04   0.76010346E+16   0.28963990E+01   0.59733824E+14   0.12039741E+17   0.51336487E+01   0.16992664E+14   0.92247702E+10
   0.10000000E+00   0.15848932E+17   0.40061882E+01   0.29571980E+14   0.50389919E+01   0.36784374E+04   0.37772364E+16   0.19551451E+15   0.12578021E+01   0.35943150E+04   0.12044266E+17   0.28920879E+01   0.59733824E+14   0.19084323E+17   0.51266056E+01   0.16992664E+14   0.92247702E+10
