         2        47   0.50000000E+00   0.23000000E+00   0.77000000E+00   0.83000000E+00   0.10000000E+01  ---------------  ---------------  ---------------  ---------------      0.72000000E+00                                 
   0.50000000E+00   0.10000000E+08   0.15843793E+02   0.54564775E+14   0.35237060E-02   0.34941003E+01   0.10255505E+07   0.96023437E+16   0.22240294E-03   0.44539308E+01   0.91633111E+07   0.13232310E+02   0.85829245E+14   0.10439501E+08   0.17388847E+02   0.43088085E+14   0.65275929E+10
   0.50000000E+00   0.15848932E+08   0.15494112E+02   0.54564775E+14   0.41083396E-02   0.40738219E+01   0.16425871E+07   0.90755133E+16   0.26515490E-03   0.51623754E+01   0.14510689E+08   0.12936647E+02   0.85829245E+14   0.16552055E+08   0.17007313E+02   0.43088085E+14   0.65275929E+10
   0.50000000E+00   0.25118864E+08   0.15144370E+02   0.54564775E+14   0.47899723E-02   0.47497276E+01   0.26317358E+07   0.85671950E+16   0.31628733E-03   0.59829511E+01   0.22977877E+08   0.12640964E+02   0.85829245E+14   0.26244050E+08   0.16625698E+02   0.43088085E+14   0.65275929E+10
   0.50000000E+00   0.39810717E+08   0.14796754E+02   0.54564775E+14   0.55846977E-02   0.55377758E+01   0.42177014E+07   0.80801225E+16   0.37742722E-03   0.69335637E+01   0.36384753E+08   0.12347109E+02   0.85829245E+14   0.41611701E+08   0.16246382E+02   0.43088085E+14   0.65275929E+10
   0.50000000E+00   0.63095734E+08   0.14448291E+02   0.54564775E+14   0.65112795E-02   0.64565725E+01   0.67620448E+07   0.76097474E+16   0.45066087E-03   0.80343232E+01   0.57611983E+08   0.12052573E+02   0.85829245E+14   0.65979360E+08   0.15866126E+02   0.43088085E+14   0.65275929E+10
   0.50000000E+00   0.10000000E+09   0.14100966E+02   0.54564775E+14   0.75915945E-02   0.75278109E+01   0.10844996E+08   0.71584463E+16   0.53837407E-03   0.93091032E+01   0.91220407E+08   0.11759041E+02   0.85829245E+14   0.10461851E+09   0.15487100E+02   0.43088085E+14   0.65275929E+10
   0.50000000E+00   0.15848932E+09   0.13755170E+02   0.54564775E+14   0.88511494E-02   0.87767831E+01   0.17399312E+08   0.67262451E+16   0.64347802E-03   0.10785354E+02   0.14442911E+09   0.11466826E+02   0.85829245E+14   0.16588803E+09   0.15109706E+02   0.43088085E+14   0.65275929E+10
   0.50000000E+00   0.25118864E+09   0.13409034E+02   0.54564775E+14   0.10319683E-01   0.10232978E+02   0.27927013E+08   0.63104411E+16   0.76960670E-03   0.12494331E+02   0.22866380E+09   0.11174351E+02   0.85829245E+14   0.26304513E+09   0.14731919E+02   0.43088085E+14   0.65275929E+10
   0.50000000E+00   0.39810717E+09   0.13063333E+02   0.54564775E+14   0.12031866E-01   0.11930776E+02   0.44844155E+08   0.59116755E+16   0.92104109E-03   0.14472669E+02   0.36201029E+09   0.10882283E+02   0.85829245E+14   0.41711351E+09   0.14354580E+02   0.43088085E+14   0.65275929E+10
   0.50000000E+00   0.63095734E+09   0.12718907E+02   0.54564775E+14   0.14028126E-01   0.13910264E+02   0.72039963E+08   0.55305155E+16   0.11029349E-02   0.16762817E+02   0.57309490E+09   0.10591342E+02   0.85829245E+14   0.66143688E+09   0.13978621E+02   0.43088085E+14   0.65275929E+10
   0.50000000E+00   0.10000000E+10   0.12375544E+02   0.54564775E+14   0.16355595E-01   0.16218177E+02   0.11578240E+09   0.51662824E+16   0.13216062E-02   0.19413572E+02   0.90721301E+09   0.10301324E+02   0.85829245E+14   0.10488954E+10   0.13603795E+02   0.43088085E+14   0.65275929E+10
   0.50000000E+00   0.15848932E+10   0.12031600E+02   0.54564775E+14   0.19069223E-01   0.18909006E+02   0.18619007E+09   0.48169202E+16   0.15849282E-02   0.22480639E+02   0.14360425E+10   0.10010863E+02   0.85829245E+14   0.16633595E+10   0.13228294E+02   0.43088085E+14   0.65275929E+10
   0.50000000E+00   0.25118864E+10   0.11688444E+02   0.54564775E+14   0.22233082E-01   0.22046282E+02   0.29957562E+09   0.44835224E+16   0.19021421E-02   0.26029568E+02   0.22730052E+10   0.97211104E+01   0.85829245E+14   0.26378771E+10   0.12853655E+02   0.43088085E+14   0.65275929E+10
   0.50000000E+00   0.39810717E+10   0.11346170E+02   0.54564775E+14   0.25921871E-01   0.25704078E+02   0.48228827E+09   0.41657897E+16   0.22846361E-02   0.30135613E+02   0.35975475E+10   0.94321457E+01   0.85829245E+14   0.41834277E+10   0.12479919E+02   0.43088085E+14   0.65275929E+10
   0.50000000E+00   0.63095734E+10   0.11005008E+02   0.54564775E+14   0.30222682E-01   0.29968755E+02   0.77690862E+09   0.38635255E+16   0.27462663E-02   0.34885813E+02   0.56935722E+10   0.91441709E+01   0.85829245E+14   0.66347681E+10   0.12107394E+02   0.43088085E+14   0.65275929E+10
   0.50000000E+00   0.10000000E+11   0.10664685E+02   0.54564775E+14   0.35237060E-01   0.34941003E+02   0.12523364E+10   0.35760849E+16   0.33040883E-02   0.40380331E+02   0.90101274E+10   0.88569467E+01   0.85829245E+14   0.10522865E+11   0.11735757E+02   0.43088085E+14   0.65275929E+10
   0.50000000E+00   0.15848932E+11   0.10325191E+02   0.54564775E+14   0.41083396E-01   0.40738219E+02   0.20201408E+10   0.33030771E+16   0.39789477E-02   0.46734964E+02   0.14257487E+11   0.85704730E+01   0.85829245E+14   0.16689999E+11   0.11364978E+02   0.43088085E+14   0.65275929E+10
   0.50000000E+00   0.25118864E+11   0.99862649E+01   0.54564775E+14   0.47899723E-01   0.47497276E+02   0.32612356E+10   0.30439266E+16   0.47965604E-02   0.54083069E+02   0.22558880E+11   0.82845315E+01   0.85829245E+14   0.26472534E+11   0.10994783E+02   0.43088085E+14   0.65275929E+10
   0.50000000E+00   0.39810717E+11   0.96483101E+01   0.54564775E+14   0.55846977E-01   0.55377758E+02   0.52691429E+10   0.27985720E+16   0.57882651E-02   0.62579341E+02   0.35690476E+11   0.79994671E+01   0.85829245E+14   0.41990795E+11   0.10625622E+02   0.43088085E+14   0.65275929E+10
   0.50000000E+00   0.63095734E+11   0.93117115E+01   0.54564775E+14   0.65112795E-01   0.64565725E+02   0.85206783E+10   0.25668793E+16   0.69925701E-02   0.72402552E+02   0.56460521E+11   0.77156081E+01   0.85829245E+14   0.66609058E+11   0.10257913E+02   0.43088085E+14   0.65275929E+10
   0.50000000E+00   0.10000000E+12   0.89766376E+01   0.54564775E+14   0.75915945E-01   0.75278109E+02   0.13791496E+11   0.23485250E+16   0.84570581E-02   0.83758952E+02   0.89308336E+11   0.74331012E+01   0.85829245E+14   0.10566586E+12   0.98918376E+01   0.43088085E+14   0.65275929E+10
   0.50000000E+00   0.15848932E+12   0.86433071E+01   0.54564775E+14   0.88511494E-01   0.87767831E+02   0.22344958E+11   0.21431971E+16   0.10240466E-01   0.96886911E+02   0.14124997E+12   0.71521249E+01   0.85829245E+14   0.16763198E+12   0.95276098E+01   0.43088085E+14   0.65275929E+10
   0.50000000E+00   0.25118864E+12   0.83117279E+01   0.54564775E+14   0.10319683E+00   0.10232978E+03   0.36242329E+11   0.19504409E+16   0.12415809E-01   0.11206132E+03   0.22337081E+12   0.68726751E+01   0.85829245E+14   0.26595211E+12   0.91652472E+01   0.43088085E+14   0.65275929E+10
   0.50000000E+00   0.39810717E+12   0.79820471E+01   0.54564775E+14   0.12031866E+00   0.11930776E+03   0.58851655E+11   0.17698819E+16   0.15073660E-01   0.12960005E+03   0.35319089E+12   0.65949242E+01   0.85829245E+14   0.42197110E+12   0.88049503E+01   0.43088085E+14   0.65275929E+10
   0.50000000E+00   0.63095734E+12   0.76549475E+01   0.54564775E+14   0.14028126E+00   0.13910264E+03   0.95682118E+11   0.16014013E+16   0.18325568E-01   0.14987247E+03   0.55837419E+12   0.63194074E+01   0.85829245E+14   0.66955536E+12   0.84473944E+01   0.43088085E+14   0.65275929E+10
   0.50000000E+00   0.10000000E+13   0.73312215E+01   0.54564775E+14   0.16355595E+00   0.16218177E+03   0.15575877E+12   0.14448550E+16   0.22309508E-01   0.17330714E+03   0.88261557E+12   0.60468040E+01   0.85829245E+14   0.10624838E+13   0.80934839E+01   0.43088085E+14   0.65275929E+10
   0.50000000E+00   0.15848932E+13   0.70113080E+01   0.54564775E+14   0.19069223E+00   0.18909006E+03   0.25389677E+12   0.12998614E+16   0.27197811E-01   0.20039958E+03   0.13949138E+13   0.57775076E+01   0.85829245E+14   0.16861433E+13   0.77437074E+01   0.43088085E+14   0.65275929E+10
   0.50000000E+00   0.25118864E+13   0.66953869E+01   0.54564775E+14   0.22233082E+00   0.22046282E+03   0.41446832E+12   0.11658995E+16   0.33206568E-01   0.23172286E+03   0.22041570E+13   0.55116573E+01   0.85829245E+14   0.26760991E+13   0.73982351E+01   0.43088085E+14   0.65275929E+10
   0.50000000E+00   0.39810717E+13   0.63843435E+01   0.54564775E+14   0.25921871E+00   0.25704078E+03   0.67760297E+12   0.10427178E+16   0.40602249E-01   0.26794632E+03   0.34821966E+13   0.52500047E+01   0.85829245E+14   0.42476341E+13   0.70580327E+01   0.43088085E+14   0.65275929E+10
   0.50000000E+00   0.63095734E+13   0.60796386E+01   0.54564775E+14   0.30222682E+00   0.29968755E+03   0.11094276E+13   0.93019717E+15   0.49711314E-01   0.30985398E+03   0.55001780E+13   0.49937757E+01   0.85829245E+14   0.67426994E+13   0.67247181E+01   0.43088085E+14   0.65275929E+10
   0.50000000E+00   0.10000000E+14   0.57823356E+01   0.54564775E+14   0.35237060E+00   0.34941003E+03   0.18191170E+13   0.82796746E+15   0.60939148E-01   0.35835819E+03   0.86858686E+13   0.47438768E+01   0.85829245E+14   0.10704377E+14   0.63994426E+01   0.43088085E+14   0.65275929E+10
   0.50000000E+00   0.15848932E+14   0.54941185E+01   0.54564775E+14   0.41083396E+00   0.40738219E+03   0.29868563E+13   0.73578538E+15   0.74777047E-01   0.41453214E+03   0.13713856E+14   0.45017037E+01   0.85829245E+14   0.16995151E+14   0.60840311E+01   0.43088085E+14   0.65275929E+10
   0.50000000E+00   0.25118864E+14   0.52179167E+01   0.54564775E+14   0.47899723E+00   0.47497276E+03   0.49092703E+13   0.65365880E+15   0.91798559E-01   0.47965143E+03   0.21649104E+14   0.42697535E+01   0.85829245E+14   0.26985152E+14   0.57817213E+01   0.43088085E+14   0.65275929E+10
   0.50000000E+00   0.39810717E+14   0.49576165E+01   0.54564775E+14   0.55846977E+00   0.55377758E+03   0.80725914E+13   0.58166711E+15   0.11264884E+00   0.55523690E+03   0.34171631E+14   0.40512327E+01   0.85829245E+14   0.42849342E+14   0.54967507E+01   0.43088085E+14   0.65275929E+10
   0.50000000E+00   0.63095734E+14   0.47191178E+01   0.54564775E+14   0.65112795E+00   0.64565725E+03   0.13265707E+14   0.52018233E+15   0.13797663E+00   0.64312833E+03   0.53939324E+14   0.38511314E+01   0.85829245E+14   0.68039224E+14   0.52355904E+01   0.43088085E+14   0.65275929E+10
   0.50000000E+00   0.10000000E+15   0.45122570E+01   0.54564775E+14   0.75915945E+00   0.75278109E+03   0.21741308E+14   0.47022953E+15   0.16824384E+00   0.74560437E+03   0.85162948E+14   0.36776445E+01   0.85829245E+14   0.10802493E+15   0.50090291E+01   0.43088085E+14   0.65275929E+10
   0.50000000E+00   0.15848932E+15   0.43465381E+01   0.54564775E+14   0.88511494E+00   0.87767831E+03   0.35451367E+14   0.43242041E+15   0.20363676E+00   0.86541337E+03   0.13453411E+15   0.35387237E+01   0.85829245E+14   0.17146634E+15   0.48274914E+01   0.43088085E+14   0.65275929E+10
   0.50000000E+00   0.25118864E+15   0.42245603E+01   0.54564775E+14   0.10319683E+01   0.10232978E+04   0.57431172E+14   0.40582141E+15   0.24427827E+00   0.10056958E+04   0.21268079E+15   0.34365022E+01   0.85829245E+14   0.27207359E+15   0.46938445E+01   0.43088085E+14   0.65275929E+10
   0.50000000E+00   0.39810717E+15   0.41405779E+01   0.54564775E+14   0.12031866E+01   0.11930776E+04   0.92453568E+14   0.38810505E+15   0.29058423E+00   0.11699331E+04   0.33646362E+15   0.33661439E+01   0.85829245E+14   0.43157070E+15   0.46018239E+01   0.43088085E+14   0.65275929E+10
   0.50000000E+00   0.63095734E+15   0.40854278E+01   0.54564775E+14   0.14028126E+01   0.13910264E+04   0.14807382E+15   0.37673299E+15   0.34336983E+00   0.13620507E+04   0.53260420E+15   0.33199491E+01   0.85829245E+14   0.68438008E+15   0.45413857E+01   0.43088085E+14   0.65275929E+10
   0.50000000E+00   0.10000000E+16   0.40505890E+01   0.54564775E+14   0.16355595E+01   0.16218177E+04   0.23626521E+15   0.36965539E+15   0.40378312E+00   0.15865765E+04   0.84345329E+15   0.32907701E+01   0.85829245E+14   0.10850677E+16   0.45032098E+01   0.43088085E+14   0.65275929E+10
   0.50000000E+00   0.15848932E+16   0.40293264E+01   0.54564775E+14   0.19069223E+01   0.18909006E+04   0.37601055E+15   0.36537609E+15   0.47326083E+00   0.18487788E+04   0.13361329E+16   0.32729650E+01   0.85829245E+14   0.17200946E+16   0.44798996E+01   0.43088085E+14   0.65275929E+10
   0.50000000E+00   0.25118864E+16   0.40167267E+01   0.54564775E+14   0.22233082E+01   0.22046282E+04   0.59741079E+15   0.36285464E+15   0.55351244E+00   0.21548053E+04   0.21170066E+16   0.32624113E+01   0.85829245E+14   0.27265544E+16   0.44661030E+01   0.43088085E+14   0.65275929E+10
   0.50000000E+00   0.39810717E+16   0.40094345E+01   0.54564775E+14   0.25921871E+01   0.25704078E+04   0.94819190E+15   0.36140018E+15   0.64652186E+00   0.25118385E+04   0.33546632E+16   0.32563054E+01   0.85829245E+14   0.43216275E+16   0.44581084E+01   0.43088085E+14   0.65275929E+10
   0.50000000E+00   0.63095734E+16   0.40052895E+01   0.54564775E+14   0.30222682E+01   0.29968755E+04   0.15040115E+16   0.36057503E+15   0.75456923E+00   0.29282708E+04   0.53162722E+16   0.32528348E+01   0.85829245E+14   0.68496157E+16   0.44535641E+01   0.43088085E+14   0.65275929E+10
   0.50000000E+00   0.10000000E+17   0.40029631E+01   0.54564775E+14   0.35237060E+01   0.34941003E+04   0.23847925E+16   0.36011241E+15   0.88027443E+00   0.34139052E+04   0.84252691E+16   0.32508870E+01   0.85829245E+14   0.10856174E+17   0.44510135E+01   0.43088085E+14   0.65275929E+10
   0.50000000E+00   0.15848932E+17   0.40016672E+01   0.54564775E+14   0.41083396E+01   0.40738219E+04   0.37806089E+16   0.35985488E+15   0.10266570E+01   0.39801862E+04   0.13352750E+17   0.32498020E+01   0.85829245E+14   0.17206111E+17   0.44495927E+01   0.43088085E+14   0.65275929E+10
