         2        47   0.50000000E+00   0.27000000E+00   0.73000000E+00   0.79000000E+00   0.95000000E+00  ---------------  ---------------  ---------------  ---------------      0.70000000E+00                                 
   0.50000000E+00   0.10000000E+08   0.12718383E+02   0.60795094E+14   0.33989722E-02   0.35576350E+01   0.11417804E+07   0.61613686E+16   0.26724877E-03   0.42871495E+01   0.91804112E+07   0.10801863E+02   0.91102505E+14   0.10375967E+08   0.13689888E+02   0.50581665E+14   0.61443647E+10
   0.50000000E+00   0.15848932E+08   0.12509997E+02   0.60795094E+14   0.39629107E-02   0.41478979E+01   0.18248997E+07   0.59130227E+16   0.31677950E-03   0.49782438E+01   0.14540784E+08   0.10622642E+02   0.91102505E+14   0.16449205E+08   0.13466787E+02   0.50581665E+14   0.61443647E+10
   0.50000000E+00   0.25118864E+08   0.12299472E+02   0.60795094E+14   0.46204146E-02   0.48360939E+01   0.29175495E+07   0.56686103E+16   0.37565958E-03   0.57802562E+01   0.23030334E+08   0.10441574E+02   0.91102505E+14   0.26077269E+08   0.13241352E+02   0.50581665E+14   0.61443647E+10
   0.50000000E+00   0.39810717E+08   0.12086115E+02   0.60795094E+14   0.53870079E-02   0.56384716E+01   0.46659431E+07   0.54274836E+16   0.44571874E-03   0.67108028E+01   0.36475688E+08   0.10258109E+02   0.91102505E+14   0.41341743E+08   0.13012921E+02   0.50581665E+14   0.61443647E+10
   0.50000000E+00   0.63095734E+08   0.11870339E+02   0.60795094E+14   0.62807901E-02   0.65739752E+01   0.74645281E+07   0.51902784E+16   0.52911632E-03   0.77904188E+01   0.57768517E+08   0.10072554E+02   0.91102505E+14   0.65541541E+08   0.12781853E+02   0.50581665E+14   0.61443647E+10
   0.50000000E+00   0.10000000E+09   0.11651865E+02   0.60795094E+14   0.73228637E-02   0.76646924E+01   0.11945935E+08   0.49568456E+16   0.62847138E-03   0.90427917E+01   0.91489074E+08   0.98847250E+01   0.91102505E+14   0.10390886E+09   0.12547911E+02   0.50581665E+14   0.61443647E+10
   0.50000000E+00   0.15848932E+09   0.11430717E+02   0.60795094E+14   0.85378322E-02   0.89363752E+01   0.19124984E+08   0.47273792E+16   0.74692008E-03   0.10495392E+02   0.14488692E+09   0.96945863E+01   0.91102505E+14   0.16473844E+09   0.12311102E+02   0.50581665E+14   0.61443647E+10
   0.50000000E+00   0.25118864E+09   0.11206621E+02   0.60795094E+14   0.99543815E-02   0.10419049E+02   0.30630937E+08   0.45017688E+16   0.88825900E-03   0.12179951E+02   0.22944222E+09   0.95019304E+01   0.91102505E+14   0.26118037E+09   0.12071094E+02   0.50581665E+14   0.61443647E+10
   0.50000000E+00   0.39810717E+09   0.10980569E+02   0.60795094E+14   0.11605957E-01   0.12147719E+02   0.49078060E+08   0.42811545E+16   0.10569540E-02   0.14133537E+02   0.36333237E+09   0.93076269E+01   0.91102505E+14   0.41408976E+09   0.11829004E+02   0.50581665E+14   0.61443647E+10
   0.50000000E+00   0.63095734E+09   0.10750521E+02   0.60795094E+14   0.13531552E-01   0.14163200E+02   0.78675028E+08   0.40637253E+16   0.12586880E-02   0.16398140E+02   0.57532843E+09   0.91099122E+01   0.91102505E+14   0.65653470E+09   0.11582631E+02   0.50581665E+14   0.61443647E+10
   0.50000000E+00   0.10000000E+10   0.10518930E+02   0.60795094E+14   0.15776632E-01   0.16513079E+02   0.12617357E+09   0.38519619E+16   0.14998324E-02   0.19023834E+02   0.91098274E+09   0.89108886E+01   0.91102505E+14   0.10409445E+10   0.11334592E+02   0.50581665E+14   0.61443647E+10
   0.50000000E+00   0.15848932E+10   0.10283315E+02   0.60795094E+14   0.18394202E-01   0.19252837E+02   0.20246525E+09   0.36437525E+16   0.17887424E-02   0.22066658E+02   0.14423846E+10   0.87084244E+01   0.91102505E+14   0.16504650E+10   0.11082228E+02   0.50581665E+14   0.61443647E+10
   0.50000000E+00   0.25118864E+10   0.10045345E+02   0.60795094E+14   0.21446065E-01   0.22447160E+02   0.32505806E+09   0.34407607E+16   0.21349256E-02   0.25593183E+02   0.22836533E+10   0.85039559E+01   0.91102505E+14   0.26169378E+10   0.10827324E+02   0.50581665E+14   0.61443647E+10
   0.50000000E+00   0.39810717E+10   0.98055047E+01   0.60795094E+14   0.25004276E-01   0.26171467E+02   0.52215957E+09   0.32434859E+16   0.25500244E-02   0.29680052E+02   0.36154043E+10   0.82979022E+01   0.91102505E+14   0.41494352E+10   0.10570400E+02   0.50581665E+14   0.61443647E+10
   0.50000000E+00   0.63095734E+10   0.95614803E+01   0.60795094E+14   0.29152845E-01   0.30513690E+02   0.83936822E+09   0.30501896E+16   0.30489887E-02   0.34413873E+02   0.57234063E+10   0.80882779E+01   0.91102505E+14   0.65795401E+10   0.10308974E+02   0.50581665E+14   0.61443647E+10
   0.50000000E+00   0.10000000E+11   0.93152153E+01   0.60795094E+14   0.33989722E-01   0.35576350E+02   0.13501469E+10   0.28625866E+16   0.36488391E-02   0.39897746E+02   0.90599923E+10   0.78767715E+01   0.91102505E+14   0.10433133E+11   0.10045147E+02   0.50581665E+14   0.61443647E+10
   0.50000000E+00   0.15848932E+11   0.90667093E+01   0.60795094E+14   0.39629107E-01   0.41478979E+02   0.21732494E+10   0.26807576E+16   0.43708368E-02   0.46249569E+02   0.14340792E+11   0.76633760E+01   0.91102505E+14   0.16544278E+11   0.97789172E+01   0.50581665E+14   0.61443647E+10
   0.50000000E+00   0.25118864E+11   0.88157634E+01   0.60795094E+14   0.46204146E-01   0.48360939E+02   0.35007973E+10   0.25046419E+16   0.52410828E-02   0.53605354E+02   0.22697709E+11   0.74478914E+01   0.91102505E+14   0.26235476E+11   0.95100188E+01   0.50581665E+14   0.61443647E+10
   0.50000000E+00   0.39810717E+11   0.85614540E+01   0.60795094E+14   0.53870079E-01   0.56384716E+02   0.56442624E+10   0.23337197E+16   0.62921648E-02   0.62121046E+02   0.35921875E+11   0.72295833E+01   0.91102505E+14   0.41605504E+11   0.92375385E+01   0.50581665E+14   0.61443647E+10
   0.50000000E+00   0.63095734E+11   0.83052963E+01   0.60795094E+14   0.62807901E-01   0.65739752E+02   0.91078574E+10   0.21691048E+16   0.75623914E-02   0.71980314E+02   0.56845475E+11   0.70097065E+01   0.91102505E+14   0.65981605E+11   0.89630240E+01   0.50581665E+14   0.61443647E+10
   0.50000000E+00   0.10000000E+12   0.80471588E+01   0.60795094E+14   0.73228637E-01   0.76646924E+02   0.14710565E+11   0.20107404E+16   0.90999368E-02   0.83393211E+02   0.89948125E+11   0.67881695E+01   0.91102505E+14   0.10464402E+12   0.86863872E+01   0.50581665E+14   0.61443647E+10
   0.50000000E+00   0.15848932E+12   0.77871367E+01   0.60795094E+14   0.85378322E-01   0.89363752E+02   0.23783672E+11   0.18587082E+16   0.10964020E-01   0.96602808E+02   0.14231332E+12   0.65650653E+01   0.91102505E+14   0.16596836E+12   0.84077160E+01   0.50581665E+14   0.61443647E+10
   0.50000000E+00   0.25118864E+12   0.75254601E+01   0.60795094E+14   0.99543815E-01   0.10419049E+03   0.38494286E+11   0.17131459E+16   0.13227605E-01   0.11189037E+03   0.22513885E+12   0.63405842E+01   0.91102505E+14   0.26324173E+12   0.81272403E+01   0.50581665E+14   0.61443647E+10
   0.50000000E+00   0.39810717E+12   0.72625150E+01   0.60795094E+14   0.11605957E+00   0.12147719E+03   0.62375021E+11   0.15742393E+16   0.15980630E-01   0.12958168E+03   0.35612574E+12   0.61150626E+01   0.91102505E+14   0.41754571E+12   0.78453717E+01   0.50581665E+14   0.61443647E+10
   0.50000000E+00   0.63095734E+12   0.69990069E+01   0.60795094E+14   0.13531552E+00   0.14163200E+03   0.10119098E+12   0.14422814E+16   0.19333532E-01   0.15005501E+03   0.56325070E+12   0.58891110E+01   0.91102505E+14   0.66232959E+12   0.75628638E+01   0.50581665E+14   0.61443647E+10
   0.50000000E+00   0.10000000E+13   0.67350103E+01   0.60795094E+14   0.15776632E+00   0.16513079E+03   0.16437511E+12   0.13171940E+16   0.23424807E-01   0.17374616E+03   0.89071525E+12   0.56627923E+01   0.91102505E+14   0.10506861E+13   0.72798271E+01   0.50581665E+14   0.61443647E+10
   0.50000000E+00   0.15848932E+13   0.64715546E+01   0.60795094E+14   0.18394202E+00   0.19252837E+03   0.26736473E+12   0.11993029E+16   0.28423158E-01   0.20116438E+03   0.14083624E+13   0.54370020E+01   0.91102505E+14   0.16668541E+13   0.69973397E+01   0.50581665E+14   0.61443647E+10
   0.50000000E+00   0.25118864E+13   0.62093956E+01   0.60795094E+14   0.21446065E+00   0.22447160E+03   0.43547871E+12   0.10887141E+16   0.34538087E-01   0.23290002E+03   0.22264910E+13   0.52123758E+01   0.91102505E+14   0.26445183E+13   0.67161955E+01   0.50581665E+14   0.61443647E+10
   0.50000000E+00   0.39810717E+13   0.59496537E+01   0.60795094E+14   0.25004276E+00   0.26171467E+03   0.71027546E+12   0.98560022E+15   0.42026439E-01   0.26964186E+03   0.35193169E+13   0.49898852E+01   0.91102505E+14   0.41958892E+13   0.64376125E+01   0.50581665E+14   0.61443647E+10
   0.50000000E+00   0.63095734E+13   0.56928208E+01   0.60795094E+14   0.29152845E+00   0.30513690E+03   0.11601477E+13   0.88980481E+15   0.51209842E-01   0.31218723E+03   0.55619070E+13   0.47699610E+01   0.91102505E+14   0.66578384E+13   0.61621236E+01   0.50581665E+14   0.61443647E+10
   0.50000000E+00   0.10000000E+14   0.54418555E+01   0.60795094E+14   0.33989722E+00   0.35576350E+03   0.18972243E+13   0.80197088E+15   0.62459803E-01   0.36148829E+03   0.87886997E+13   0.45551354E+01   0.91102505E+14   0.10564975E+14   0.58928895E+01   0.50581665E+14   0.61443647E+10
   0.50000000E+00   0.15848932E+14   0.51984495E+01   0.60795094E+14   0.39629107E+00   0.41478979E+03   0.31058074E+13   0.72209599E+15   0.76232551E-01   0.41865110E+03   0.13885600E+14   0.43468513E+01   0.91102505E+14   0.16765910E+14   0.56317237E+01   0.50581665E+14   0.61443647E+10
   0.50000000E+00   0.25118864E+14   0.49653820E+01   0.60795094E+14   0.46204146E+00   0.48360939E+03   0.50876703E+13   0.65039303E+15   0.93052551E-01   0.48498750E+03   0.21936083E+14   0.41474876E+01   0.91102505E+14   0.26607505E+14   0.53816137E+01   0.50581665E+14   0.61443647E+10
   0.50000000E+00   0.39810717E+14   0.47481348E+01   0.60795094E+14   0.53870079E+00   0.56384716E+03   0.83321995E+13   0.58766211E+15   0.11345524E+00   0.56208597E+03   0.34653490E+14   0.39617290E+01   0.91102505E+14   0.42226382E+14   0.51484456E+01   0.50581665E+14   0.61443647E+10
   0.50000000E+00   0.63095734E+14   0.45527074E+01   0.60795094E+14   0.62807901E+00   0.65739752E+03   0.13625966E+14   0.53453410E+15   0.13795725E+00   0.65184836E+03   0.54749795E+14   0.37946930E+01   0.91102505E+14   0.67010762E+14   0.49386668E+01   0.50581665E+14   0.61443647E+10
   0.50000000E+00   0.10000000E+15   0.43877479E+01   0.60795094E+14   0.73228637E+00   0.76646924E+03   0.22207621E+14   0.49206894E+15   0.16689345E+00   0.75660042E+03   0.86526722E+14   0.36537416E+01   0.91102505E+14   0.10632832E+15   0.47615659E+01   0.50581665E+14   0.61443647E+10
   0.50000000E+00   0.15848932E+15   0.42597149E+01   0.60795094E+14   0.85378322E+00   0.89363752E+03   0.36005319E+14   0.46058222E+15   0.20043201E+00   0.87909334E+03   0.13681728E+15   0.35443798E+01   0.91102505E+14   0.16868008E+15   0.46240970E+01   0.50581665E+14   0.61443647E+10
   0.50000000E+00   0.25118864E+15   0.41678483E+01   0.60795094E+14   0.99543815E+00   0.10419049E+04   0.58036684E+14   0.43877030E+15   0.23883742E+00   0.10224341E+04   0.21646340E+15   0.34659274E+01   0.91102505E+14   0.26752919E+15   0.45254395E+01   0.50581665E+14   0.61443647E+10
   0.50000000E+00   0.39810717E+15   0.41054311E+01   0.60795094E+14   0.11605957E+01   0.12147719E+04   0.93071447E+14   0.42431821E+15   0.28269764E+00   0.11900969E+04   0.34265316E+15   0.34126343E+01   0.91102505E+14   0.42421904E+15   0.44584163E+01   0.50581665E+14   0.61443647E+10
   0.50000000E+00   0.63095734E+15   0.40645376E+01   0.60795094E+14   0.13531552E+01   0.14163200E+04   0.14867088E+15   0.41500969E+15   0.33291738E+00   0.13860533E+04   0.54262552E+15   0.33777224E+01   0.91102505E+14   0.67256734E+15   0.44145002E+01   0.50581665E+14   0.61443647E+10
   0.50000000E+00   0.10000000E+16   0.40385978E+01   0.60795094E+14   0.15776632E+01   0.16513079E+04   0.23681730E+15   0.40917034E+15   0.39064627E+00   0.16149165E+04   0.85955502E+15   0.33555824E+01   0.91102505E+14   0.10661708E+16   0.43866334E+01   0.50581665E+14   0.61443647E+10
   0.50000000E+00   0.15848932E+16   0.40226312E+01   0.60795094E+14   0.18394202E+01   0.19252837E+04   0.37650404E+15   0.40560118E+15   0.45726791E+00   0.18820652E+04   0.13618544E+16   0.33419493E+01   0.91102505E+14   0.16899950E+16   0.43694875E+01   0.50581665E+14   0.61443647E+10
   0.50000000E+00   0.25118864E+16   0.40130638E+01   0.60795094E+14   0.21446065E+01   0.22447160E+04   0.59784127E+15   0.40347163E+15   0.53440628E+00   0.21937765E+04   0.21579727E+16   0.33337839E+01   0.91102505E+14   0.26786839E+16   0.43592157E+01   0.50581665E+14   0.61443647E+10
   0.50000000E+00   0.39810717E+16   0.40074583E+01   0.60795094E+14   0.25004276E+01   0.26171467E+04   0.94856128E+15   0.40222712E+15   0.62394350E+00   0.25573800E+04   0.34197646E+16   0.33290002E+01   0.91102505E+14   0.42456233E+16   0.43531935E+01   0.50581665E+14   0.61443647E+10
   0.50000000E+00   0.63095734E+16   0.40042317E+01   0.60795094E+14   0.29152845E+01   0.30513690E+04   0.15043255E+16   0.40151182E+15   0.72805091E+00   0.29814343E+04   0.54196039E+16   0.33262467E+01   0.91102505E+14   0.67290379E+16   0.43497270E+01   0.50581665E+14   0.61443647E+10
   0.50000000E+00   0.10000000E+17   0.40023983E+01   0.60795094E+14   0.33989722E+01   0.35576350E+04   0.23850585E+16   0.40110572E+15   0.84923388E+00   0.34759303E+04   0.85891710E+16   0.33246821E+01   0.91102505E+14   0.10664967E+17   0.43477572E+01   0.50581665E+14   0.61443647E+10
   0.50000000E+00   0.15848932E+17   0.40013654E+01   0.60795094E+14   0.39629107E+01   0.41478979E+04   0.37808343E+16   0.40087706E+15   0.99038959E+00   0.40525277E+04   0.13612631E+17   0.33238007E+01   0.91102505E+14   0.16902977E+17   0.43466475E+01   0.50581665E+14   0.61443647E+10
