#cluster zcluster ndensity beta core coreindex xi
SPT-CLJ0516-5430 0.295000 9.274080 0.603009 1.500000 5   12.412354
SPT-CLJ2022-6324 0.383000 7.422910 0.519172 0.25 0	 6.5060534
SPT-CLJ2031-5638 0.394018 9.013550 0.506486 1.0 3	 5.5028901
SPT-CLJ2032-5627 0.284000 8.433980 0.606120 1.250000 4	 8.6116371
SPT-CLJ2136-5726 0.427000 9.718840 0.472391 0.50 1	 10.512185
SPT-CLJ2138-6008 0.319000 4.022020 0.545127 0.750000 2	 12.638496
SPT-CLJ0234-5831 0.415000 12.102800 0.489075 0.500000 1	 14.65765 
SPT-CLJ0240-5946 0.400000 12.276500 0.506211 0.750000 2	 8.8408356
SPT-CLJ0254-5857 0.438000 11.077000 0.462878 1.500000 5	 14.134479
SPT-CLJ0307-6225 0.580800 7.868290 0.401450 0.750000 2	 8.461544 
SPT-CLJ0317-5935 0.469000 9.213500 0.461720 0.250000 0	 6.25738	 
SPT-CLJ0346-5438 0.529730 13.134100 0.405258 0.75 2	 9.2452316
SPT-CLJ0348-4514 0.358200 12.142900 0.560432 0.75 2	 10.117719
SPT-CLJ0426-5455 0.610000 8.886650 0.366657 0.500000 1	 8.8497143
SPT-CLJ0509-5342 0.461000 11.686800 0.461086 0.750000 2	 8.498127 
SPT-CLJ0551-5709 0.423000 8.417990 0.479579 0.500000 1	 8.2109737
SPT-CLJ2145-5644 0.480000 9.945730 0.440160 0.500000 1	 12.595391
SPT-CLJ2332-5358 0.402000 11.456800 0.513991 1.500000 5	 9.1176882
SPT-CLJ2355-5056 0.320000 10.102000 0.573694 0.75 2	 6.5962515
