#cluster zcluster ndensity beta core coreindex xi
SPT-CLJ2359-5009   0.775  -1 -1 -1 3 6.6814771
SPT-CLJ2341-5119   1.003  -1 -1 -1 2 12.49082 
SPT-CLJ2337-5942   0.775  -1 -1 -1 0 20.353144
SPT-CLJ2331-5051   0.576  -1 -1 -1 0 10.471606
SPT-CLJ0559-5249   0.609  -1 -1 -1 3 10.638947
SPT-CLJ0533-5005   0.881  -1 -1 -1 0 7.0817537
SPT-CLJ0000-5748   0.702  -1 -1 -1 1 8.492383 
SPT-CLJ2342-5411   1.075  -1 -1 -1 0 8.1813316
SPT-CLJ2106-5844   1.132  -1 -1 -1 0 22.222738
SPT-CLJ2040-5725   0.930  -1 -1 -1 1 6.2388945
SPT-CLJ0546-5345   1.066  -1 -1 -1 1 10.755143
SPT-CLJ0102-4915   0.870  -1 -1 -1 2 39.911419
SPT-CLJ0615-5746   0.972  -1 -1 -1 0 26.417444
