SPT-CLJ2359-5009	6.6814771	1.0000001	0.775	0.77999997
SPT-CLJ2341-5119	12.49082	0.75	1.003	0.95999998
SPT-CLJ2337-5942	20.353144	0.25000001	0.775	0.76999998
SPT-CLJ2331-5051	10.471606	0.25000001	0.576	0.60000002
SPT-CLJ0559-5249	10.638947	1.0000001	0.609	0.62
SPT-CLJ0533-5005	7.0817537	0.25000001	0.881	0.88999999
SPT-CLJ0000-5748	8.492383	0.50000003	0.7019	0.67000002
SPT-CLJ2342-5411	8.1813316	0.25000001	1.075	0.95380795
SPT-CLJ2106-5844	22.222738	0.25000001	1.132	1.232576
SPT-CLJ2040-5725	6.2388945	0.50000003	0.93	0.88464803
SPT-CLJ0546-5345	10.755143	0.50000003	1.06628	1.0700001
SPT-CLJ0205-5829	10.404525	0.25000001	1.322	1.3485521
SPT-CLJ0102-4915	39.911419	0.75	0.87008	0.833
SPT-CLJ0615-5746	26.417444	0.25000001	0.972	0.82999998
